100
8 685
535 64 64 337 337 353 64 337
3 437
437 388 426
9 243
105 95 204 121 237 192 130 169 183
7 513
254 443 210 409 75 360 312
9 658
432 404 493 560 590 234 627 512 230
6 645
137 369 137 41 59 369
7 664
541 541 541 541 541 651 96
9 595
332 327 389 169 424 567 517 248 293
3 97
60 56 2
6 304
135 22 283 171 170 134
5 380
333 252 333 252 333
10 269
53 207 190 200 227 232 61 91 24 176
10 609
336 295 279 566 375 60 304 103 182 518
10 218
59 127 149 16 74 8 79 71 181 14
6 101
92 23 78 9 47 54
10 402
327 42 12 79 356 200 395 176 349 205
10 387
12 299 45 179 1 128 211 217 253 169
5 513
465 464 438 193 202
10 596
521 238 19 4 236 522 363 21 241 375
10 374
167 197 197 167 200 209 197 319 333 319
10 122
79 101 69 86 89 98 2 54 90 59
1 7
7
3 536
339 392 397
7 476
285 179 255 345 160 347 354
10 218
178 128 57 199 195 7 60 77 188 83
9 551
136 330 281 331 281 330 367 433 331
10 1
1 1 1 1 1 1 1 1 1 1
8 287
269 126 116 124 137 169 138 200
5 261
31 160 189 74 135
6 88
26 66 51 63 23 38
1 385
214
3 262
139 190 262
10 36
12 33 22 11 17 9 7 23 10 34
5 18
2 10 17 5 14
10 460
357 138 245 267 72 433 54 198 229 16
6 397
237 237 40 40 278 324
10 451
45 387 1 108 343 450 64 122 406 329
6 676
665 676 465 466 598 584
3 510
212 31 380
10 468
85 349 28 447 393 311 428 127 6 10
1 552
460
10 332
31 69 224 272 14 211 144 305 99 204
10 443
146 285 128 107 282 288 55 244 357 81
8 358
115 358 282 291 67 215 81 326
10 614
200 436 135 551 506 533 272 447 127 497
7 607
607 385 376 205 448 482 465
6 365
267 81 168 214 333 235
6 336
243 314 210 227 261 246
8 576
239 345 61 524 52 337 231 515
6 664
648 569 154 430 82 583
10 621
368 602 290 346 362 187 424 166 481 485
10 687
426 156 217 79 277 472 88 28 634 651
10 317
296 190 155 156 213 216 230 180 153 145
7 483
322 177 303 472 404 272 419
10 669
357 474 640 491 509 378 559 362 287 359
4 441
390 217 412 128
3 106
19 61 81
10 476
361 219 189 429 72 60 447 299 7 86
6 361
19 259 280 102 81 342
6 54
9 38 37 17 45 16
7 591
315 527 419 299 526 357 542
9 533
368 515 483 403 517 393 389 400 374
10 181
162 114 14 104 63 24 21 113 125 170
10 558
535 327 5 316 307 232 91 132 368 28
3 564
364 532 404
6 443
268 136 413 75 104 134
8 339
206 316 307 335 32 23 133 4
10 13
13 13 10 4 12 6 10 1 1 7
8 252
170 82 104 47 46 205 206 148
8 535
212 345 495 442 191 94 324 41
6 612
447 447 447 202 447 192
6 570
248 468 102 91 322 479
8 608
155 268 440 338 340 168 270 453
9 33
12 8 13 18 32 32 10 3 19
10 497
378 370 361 477 481 394 361 423 446 357
10 75
43 60 46 52 74 45 21 16 69 69
10 612
493 130 257 63 471 486 521 260 234 196
10 186
17 100 176 84 74 169 102 10 86 112
9 433
280 405 247 280 204 51 247 166 405
10 387
302 208 141 159 141 358 54 321 358 382
5 656
513 559 233 540 594
10 171
111 81 49 64 61 96 128 59 38 45
8 636
616 461 222 423 594 616 362 565
10 700
1 1 1 1 1 1 1 1 1 1
7 573
297 254 209 372 442 389 398
5 514
471 321 472 206 255
10 575
262 199 449 191 363 528 42 565 135 483
8 660
518 189 189 518 486 518 659 611
10 307
211 66 210 29 168 223 260 250 278 31
8 139
10 127 41 110 114 136 11 22
10 529
169 26 228 131 128 449 437 203 163 499
8 473
188 361 339 461 446 335 369 399
8 663
457 38 397 543 445 415 379 372
7 108
67 98 13 14 21 98 58
10 436
431 358 380 196 168 144 82 119 108 278
10 170
85 135 45 94 148 161 34 61 164 135
10 605
80 445 113 320 511 571 303 368 573 151
9 145
145 128 86 139 68 49 51 87 109
8 699
336 545 623 608 473 266 493 697
4 480
71 421 303 307
