100
10 353
168 50 28 170 241 143 99 274 58 102
7 254
96 96 186 149 154 245 201
10 574
536 417 485 344 443 547 341 274 569 473
10 450
323 269 362 112 442 444 358 159 150 127
4 537
245 185 439 299
7 671
358 609 388 450 321 522 466
8 537
526 288 359 209 231 183 321 204
8 676
21 613 372 372 86 86 616 616
10 222
87 27 19 222 204 1 83 152 23 162
10 672
160 162 331 194 144 160 40 22 189 434
3 387
334 202 268
7 37
22 34 5 24 25 24 9
3 279
262 102 158
10 551
115 387 97 441 350 512 380 150 143 192
8 255
207 75 48 180 200 55 195 60
9 441
436 436 6 257 203 42 436 152 436
3 347
153 279 46
3 634
502 355 267
5 566
189 204 349 441 312
10 664
143 250 105 290 548 649 512 440 629 150
10 293
261 176 68 274 79 195 129 150 174 71
8 593
403 551 292 366 524 576 329 291
6 220
78 82 155 142 138 65
6 71
27 44 16 67 55 4
10 48
12 29 4 46 1 47 22 30 23 35
10 552
69 255 453 143 322 473 109 507 534 213
10 81
59 15 74 50 32 67 23 28 8 54
10 455
427 427 325 425 7 152 152 7 425 187
6 293
284 33 26 268 261 10
8 358
328 4 354 30 85 116 242 273
10 127
33 38 28 76 60 49 104 117 39 24
1 290
252
10 29
1 8 20 7 15 24 16 27 14 1
7 362
83 108 353 108 108 83 353
9 508
278 107 167 259 331 500 356 70 132
6 224
163 42 21 182 203 61
5 52
35 22 26 49 10
7 654
542 531 311 451 87 586 52
5 695
455 455 59 235 455
10 412
352 50 63 82 353 198 90 92 24 176
10 302
229 240 248 215 212 232 285 226 299 275
6 244
110 163 139 166 211 178
2 489
324 408
7 319
305 119 110 215 141 191 230
5 527
386 412 386 243 243
10 625
593 479 356 625 147 366 477 583 502 587
5 617
577 610 545 428 414
10 631
80 470 186 125 529 241 208 461 329 135
10 356
97 59 338 11 313 306 210 42 209 310
8 301
296 152 172 217 135 117 247 289
10 700
1 1 1 1 1 1 1 1 1 1
10 405
332 182 283 141 128 228 21 192 380 139
10 217
17 144 131 155 135 145 71 139 57 190
1 416
365
5 269
232 229 227 266 209
2 692
197 67
7 682
583 459 42 42 583 363 459
6 614
446 424 422 575 592 206
10 84
19 26 65 58 10 9 74 12 75 72
10 465
335 355 231 353 391 109 452 78 58 180
1 149
4
9 460
115 154 362 368 154 441 405 154 115
6 464
154 166 464 164 388 378
10 173
150 98 152 160 73 119 38 69 26 86
10 436
79 91 67 313 425 113 299 96 167 284
5 626
594 62 434 232 441
5 96
78 19 15 82 88
8 376
58 353 92 338 183 215 62 181
5 673
631 631 306 201 631
7 363
326 175 80 198 312 196 177
10 131
100 95 64 120 104 94 50 53 38 84
8 3
1 3 2 1 1 2 3 2
10 416
126 344 382 88 223 336 120 206 280 106
6 227
193 100 82 207 210 114
6 95
27 65 30 66 29 68
10 556
118 548 409 316 177 6 275 140 283 205
10 1
1 1 1 1 1 1 1 1 1 1
10 70
1 43 63 37 19 21 44 51 66 20
9 462
361 434 419 434 172 434 172 434 172
10 671
608 409 310 585 623 44 345 489 462 536
10 603
479 354 520 246 435 548 580 445 426 201
6 64
50 59 5 40 14 24
3 62
15 46 5
7 269
257 261 233 246 234 179 188
10 261
14 208 107 127 21 64 211 192 176 55
3 374
78 57 224
6 595
135 212 161 383 460 434
10 314
46 121 303 296 240 180 109 50 242 280
3 371
83 156 302
10 399
219 370 31 353 166 341 204 94 176 87
3 545
214 431 227
4 462
446 269 157 246
7 117
44 106 109 86 98 4 40
10 168
121 60 94 92 98 66 20 124 76 164
10 62
47 24 45 16 18 16 46 39 47 17
6 419
225 256 313 412 398 139
6 263
63 262 206 57 200 1
10 543
275 404 205 477 356 508 397 228 532 438
10 447
374 175 20 309 197 376 227 336 272 49
9 495
232 329 37 49 291 364 146 388 150
