100
5
32 871 737 282 40
10
764 555 523 211 54 188 227 551 741 899
5
241 603 570 424 251
10
482933167 302629929 255718177 493967096 47506286 832275795 666235001 673041725 100682759 200258915
10
883 734 656 524 229 402 625 705 840 915
9
986 610 575 349 91 200 375 607 873
9
617009917 218461949 943344188 817819822 394084417 601674934 379936889 405524085 229805834
10
140 952 757 752 629 557 382 349 339 285
8
1512 6709 3304 3499 6405 1069 6369 8765
4
279483943 657495078 60275602 65353235
10
2897 1587 2362 4548 8645 5214 2515 731 8199 9209
8
9762 539 1795 7935 9585 8991 4341 3597
8
8798 4025 9883 8077 6616 231 4360 258
10
736 588 506 329 288 324 450 523 665 904
7
269760314 979092709 933192283 946307298 998768851 522588509 910786657
10
672 579 442 217 63 158 392 569 616 689
10
758 514 351 163 15 80 229 486 744 895
7
3 5 947 910 773 380 56
8
8501409 1488573 3781271 7795729 3699170 4375391 4771343 4543213
6
768 499 19 466 702 914
10
109 258 587 589 978 903 859 804 781 748
9
3595 208 9040 3648 7829 7157 8920 3002 8925
8
4465018 3515298 5675259 2109474 9508394 1341266 6030503 8441188
6
903 473 6 460 822 963
10
949 581 451 315 205 240 412 520 852 978
6
845669804 115228797 970088400 633516334 321229141 137706351
7
817128876 467208531 840746513 120546205 138837858 126831222 892871887
8
395 3400 5648 4641 3184 1784 167 5204
6
5 85 163 238 933 681
10
5962 7501 7494 9199 4001 4597 3633 8339 5918 8662
10
791 613 533 293 62 240 464 547 732 834
3
121267072 352497424 874427141
8
735684490 307030216 242631156 361389300 918033197 67683612 492068578 64713422
10
979611543 433180233 240683620 107968193 117373632 851177756 591320986 124238575 858184001 784242995
10
9578 9067 964 2588 8016 2648 3477 3126 1618 1571
10
327086661 297529864 632359980 938002635 412257435 449130190 789317361 71898790 977075532 320757976
8
5675316 2537708 6826716 2271390 8081916 7759626 4260463 7994058
10
67091379 778733639 917343466 632913591 879086345 382496671 136471758 264161624 424082980 786755367
8
7228 371 2636 111 7142 5120 4316 8877
10
597448635 320431514 31624061 770024604 946312713 607006744 47936835 414136704 7220837 809337018
9
883 521 386 271 4 226 365 483 745
9
4330 481 1429 346 3763 3299 3992 453 4350
10
379556857 135269721 473549043 989137160 430889303 445127912 53501557 447083155 390903346 306803418
10
895 708 610 270 6 233 345 673 870 981
6
139766337 357615444 92545701 44188959 47198730 228915317
5
379672789 832205261 939180661 834299503 508903717
10
7191 6746 1038 392 8329 237 9731 5519 5713 2405
10
995 678 486 475 75 299 483 582 735 997
7
940 773 295 13 168 702 825
8
8739 6105 8114 4838 6309 4300 6484 9233
10
6567 4968 176 2708 245 5451 6764 2179 7642 8502
10
6350 9280 3948 1297 5716 2806 5347 3824 3082 5977
9
949 815 776 585 29 245 594 784 942
10
499 4966 6141 9962 122 4115 1347 7347 881 8723
10
780 577 259 120 21 49 214 267 692 851
8
5652 6210 5195 6799 4473 416 399 8908
10
654800226 72317373 497675574 184255507 152650870 688936808 478560574 245884911 129261133 576350972
1
420397491
8
3771 38 6895 5084 3843 329 509 9028
5
321162955 335842234 65429894 808595822 670729428
8
6883 8204 7070 9831 4507 544 8058 8649
10
9603 3205 1352 7200 3507 8070 8976 5937 6267 2550
4
546698 9063263 8828978 8269247
4
809 97 762 852
9
977 852 707 648 13 190 663 843 908
6
576 51 5 50 303 877
10
425371783 169285619 996484071 11915370 204398976 360388194 627245418 750381905 787215552 868298014
9
2787 9976 5226 6715 1950 1880 5833 259 7022
10
297764261 557310328 699330511 806818506 401596217 586057635 998330696 940950467 479274837 270049985
7
765 691 417 326 191 179 56
10
5096 2405 6602 6908 254 8788 9939 53 1069 8982
10
9687 8764 1020 1689 8218 7291 8235 9478 9525 1412
3
362499537 926565718 205620020
7
790606043 821695871 266846354 499560475 642314975 889984245 764281324
10
5 9 69 90 241 413 459 700 731 810
10
865851485 303072059 257156888 358472007 74326357 691951660 566334929 635214464 302382550 10007122
10
364506259 934251203 723372242 789145190 507466793 60430368 801106323 313453223 363055885 308669875
10
418362796 856038389 12016958 189312784 118388315 318494116 92087964 770858165 17603884 930537670
8
7435 1427 8978 339 2360 125 4728 7300
3
1 2 3
10
8336866 980923 7337984 2687232 1520530 2347928 5434470 1267368 1952492 9931333
10
97 4037 6445 8238 4547 446 7238 4240 2256 9229
10
9948 7236 4412 5682 6768 6794 6608 4764 1892 8745
9
8670063 8033608 1706061 2868187 6149729 5683297 4476154 4389450 5005839
10
813 508 231 210 117 153 220 411 520 962
3
309885924 941866882 901716148
4
668 219 297 779
9
7795 7753 1501 2708 8853 8490 183 5481 3510
6
575255314 478222974 242082199 893191484 518435075 149152766
5
1 8 10 3 7
10
8930 957 7716 1873 1788 4770 4118 6747 9395 1475
10
814407128 265284494 136243221 766711440 994684479 743974436 705336449 854615673 845573581 997960171
10
827 577 353 212 73 86 220 492 610 965
5
438678682 141766452 39459649 199905988 455092317
10
817223638 539748584 379768734 852855412 668322969 39122702 321424020 363113643 597922227 624688735
4
686764835 868084337 470178348 516315187
10
8523 4469 534 8249 7276 2538 1455 8725 1030 6146
9
102 2527 3521 9059 9590 112 496 2127 9804
5
112 183 335 474 352
10
9483 3525 1493 4603 3806 8452 7714 5720 7920 4580
