100
98 38 4
46 10 75 26
8 6 35 34
55 4 65 9
56 27 97 28
10 10 10
1 0 1 0
3 1 3 1
6 2 6 2
0 3 0 3
7 4 7 4
2 5 2 5
5 6 5 6
4 7 4 7
8 8 8 8
9 9 9 9
51 295 1
0 206 50 267
100 500 10
18 167 86 265
51 323 67 330
50 48 59 51
70 38 83 120
92 446 97 493
7 54 59 67
32 69 49 136
18 476 89 481
13 277 48 326
70 21 83 33
100 500 10
54 298 78 451
19 349 32 394
48 95 51 400
43 24 46 276
5 21 12 141
60 173 84 252
16 291 31 325
69 105 90 133
52 3 72 26
94 133 98 304
100 500 10
0 23 27 291
51 180 82 498
34 347 43 415
71 142 92 158
3 440 23 460
94 73 97 270
50 2 75 51
87 326 97 485
44 168 48 384
33 56 34 251
10 10 10
1 0 1 0
4 1 4 1
8 2 8 2
3 3 3 3
7 4 7 4
9 5 9 5
2 6 2 6
5 7 5 7
6 8 6 8
0 9 0 9
100 500 10
44 48 90 254
1 26 6 254
32 288 62 293
37 370 39 389
18 442 29 467
49 316 71 359
22 297 57 304
8 392 13 452
59 284 81 287
55 382 60 457
39 264 1
0 16 38 123
82 22 10
5 9 21 12
33 10 49 18
0 19 31 21
61 5 63 9
60 14 75 16
57 12 59 15
27 4 48 6
8 8 60 8
64 6 68 10
9 2 23 6
7 237 10
0 1 6 71
0 98 3 110
4 114 6 125
1 182 6 223
0 112 3 136
5 109 6 111
1 79 3 93
0 155 1 169
5 127 5 179
0 144 1 151
10 10 10
9 0 9 0
3 1 3 1
1 2 1 2
8 3 8 3
5 4 5 4
4 5 4 5
7 6 7 6
2 7 2 7
0 8 0 8
6 9 6 9
84 260 7
14 142 77 248
3 37 73 122
28 4 39 17
48 12 49 25
53 6 61 10
25 28 78 30
18 10 20 26
100 500 10
0 1 50 1
2 3 99 3
0 6 63 6
39 7 99 7
0 10 63 11
44 14 99 16
0 18 75 20
5 23 99 23
0 25 83 25
21 26 99 28
90 396 1
0 122 89 198
44 218 0
78 278 9
43 89 45 263
19 16 35 180
3 122 12 153
59 44 72 119
2 205 40 231
37 9 40 34
51 138 75 218
37 258 42 259
37 46 40 64
100 500 10
11 32 60 298
81 41 92 374
3 398 61 488
66 3 79 96
24 306 60 331
77 411 87 481
1 497 75 498
69 121 80 384
67 385 91 387
61 68 62 105
100 500 10
32 309 68 480
17 132 88 255
23 12 76 79
39 81 40 94
89 143 96 154
7 256 15 477
21 279 69 283
24 290 27 306
76 389 96 401
8 107 29 124
100 500 10
48 260 57 318
53 163 84 213
30 43 59 104
11 366 14 498
45 232 78 246
20 356 37 456
10 225 21 275
26 174 38 244
51 345 69 499
60 36 81 109
100 500 0
93 438 1
0 56 92 222
74 189 10
44 153 68 187
36 13 70 85
4 81 8 154
29 71 31 184
13 20 18 115
24 1 67 11
49 90 65 102
32 94 45 101
39 143 56 148
6 21 7 24
82 22 10
5 9 21 12
33 10 49 18
0 19 31 21
61 5 63 9
60 14 75 16
57 12 59 15
27 4 48 6
8 8 60 8
64 6 68 10
9 2 23 6
93 330 10
0 55 15 55
17 55 32 55
78 55 92 55
11 110 73 110
0 165 15 165
29 165 44 165
78 165 92 165
16 220 78 220
0 275 15 275
26 275 41 275
83 238 0
95 54 8
54 12 92 14
39 30 68 37
32 4 35 22
73 18 75 45
8 9 9 38
47 0 81 8
86 38 88 47
21 40 67 43
29 297 4
9 31 16 59
7 72 22 248
2 149 3 249
27 64 28 197
100 277 6
21 158 70 272
2 118 89 130
0 3 8 108
32 63 88 108
92 134 97 274
29 98 30 103
10 10 10
3 0 3 0
7 1 7 1
9 2 9 2
8 3 8 3
1 4 1 4
0 5 0 5
5 6 5 6
4 7 4 7
6 8 6 8
2 9 2 9
100 500 10
0 1 87 1
46 4 99 6
0 7 50 7
45 10 99 12
0 15 61 16
48 17 99 19
0 20 95 20
13 21 99 23
0 25 53 26
29 29 99 29
100 500 10
20 283 50 398
45 408 70 450
3 91 70 96
83 93 97 321
34 145 55 235
68 315 79 389
5 315 10 361
4 3 18 45
19 130 23 269
0 237 17 260
100 500 10
66 260 85 274
33 377 63 388
1 341 91 370
28 10 75 206
2 414 3 433
90 284 93 322
47 392 64 441
66 210 88 218
50 455 71 477
17 382 21 446
100 500 10
71 217 76 414
18 54 23 99
20 252 48 379
58 44 62 469
11 203 53 250
0 129 2 451
68 80 74 145
5 440 44 453
54 22 59 40
4 50 8 371
86 419 1
59 362 65 382
100 500 10
21 65 43 115
93 61 98 128
72 51 87 379
48 133 67 341
34 204 47 233
24 3 74 30
21 282 43 361
40 427 71 467
13 171 16 320
3 54 8 72
100 500 10
0 1 95 2
11 4 99 5
0 8 95 8
26 10 99 12
0 13 50 14
2 17 99 19
0 21 81 21
27 22 99 24
0 25 95 27
18 30 99 32
71 238 1
0 5 70 64
100 500 10
26 26 56 404
85 156 97 207
70 273 94 326
36 460 56 486
19 416 22 452
3 40 17 228
70 123 78 190
23 208 24 327
73 26 89 101
71 342 99 387
100 500 10
36 146 41 178
4 235 24 419
88 9 92 280
59 250 83 395
39 254 49 410
15 27 31 127
27 229 60 234
22 144 33 165
37 34 53 34
14 450 91 461
46 397 9
35 11 39 264
2 82 32 389
45 123 45 261
41 51 43 305
11 44 33 73
36 345 39 386
35 270 40 340
1 343 1 357
2 1 21 17
100 500 10
62 75 93 344
44 91 49 433
56 375 59 439
1 8 76 74
3 238 33 338
31 387 39 456
99 209 99 395
10 225 23 231
63 361 65 428
95 213 98 252
75 54 1
0 36 74 50
81 45 4
0 22 25 41
60 7 68 34
33 2 35 30
56 24 59 37
100 500 10
72 358 83 473
31 22 78 118
14 436 59 499
85 178 95 446
0 126 85 147
4 191 72 309
17 317 32 411
1 42 24 99
65 381 66 382
81 161 85 173
75 242 8
9 127 72 231
12 80 18 104
21 61 36 99
24 24 36 56
60 37 68 88
46 44 59 122
0 15 46 23
36 232 45 238
80 389 0
52 27 5
47 11 51 19
26 5 43 10
5 18 18 23
28 20 30 21
9 24 34 24
100 500 10
7 53 9 164
35 114 94 278
13 124 18 288
36 370 79 430
51 2 94 7
14 309 91 369
12 69 71 99
13 373 32 461
71 473 99 481
21 144 34 286
60 376 3
32 47 36 351
8 97 19 345
56 14 59 122
59 85 0
100 500 10
25 165 44 344
81 42 81 332
87 62 88 204
11 349 60 450
63 84 64 243
63 387 72 499
38 2 72 69
49 130 58 252
28 65 36 84
14 51 15 182
100 500 10
31 2 32 329
34 369 53 436
22 190 25 448
35 108 63 145
66 70 98 320
43 190 62 287
0 26 2 144
8 442 8 483
85 407 87 448
60 373 75 477
10 10 10
6 0 6 0
4 1 4 1
8 2 8 2
0 3 0 3
3 4 3 4
5 5 5 5
9 6 9 6
1 7 1 7
7 8 7 8
2 9 2 9
29 188 6
8 9 20 173
24 40 26 169
0 73 0 147
5 136 7 153
5 178 8 185
1 183 1 187
5 414 1
0 180 4 364
100 500 10
0 1 91 3
3 6 99 6
0 9 60 10
14 12 99 12
0 15 93 15
17 18 99 18
0 19 96 20
46 21 99 21
0 22 60 23
34 26 99 27
100 500 10
35 52 40 145
68 196 82 434
84 31 85 52
53 239 64 359
10 151 59 184
15 453 43 477
10 255 19 445
6 208 8 494
14 32 24 128
90 133 99 340
38 119 6
14 81 17 101
5 25 37 61
5 19 31 24
19 68 21 114
3 67 18 76
1 86 4 98
79 320 10
0 53 13 53
18 53 31 53
66 53 78 53
12 106 64 106
0 159 13 159
23 159 36 159
66 159 78 159
12 212 64 212
0 265 13 265
20 265 33 265
11 287 4
0 143 6 282
7 79 8 143
9 44 9 143
10 139 10 143
61 231 1
0 173 60 199
84 438 10
0 69 14 69
16 69 30 69
70 69 83 69
9 142 65 142
0 215 14 215
22 215 36 215
70 215 83 215
17 288 73 288
0 361 14 361
24 361 38 361
10 10 10
2 0 2 0
3 1 3 1
8 2 8 2
7 3 7 3
6 4 6 4
9 5 9 5
5 6 5 6
0 7 0 7
4 8 4 8
1 9 1 9
10 10 10
6 0 6 0
3 1 3 1
2 2 2 2
5 3 5 3
0 4 0 4
1 5 1 5
7 6 7 6
9 7 9 7
8 8 8 8
4 9 4 9
10 10 10
1 0 1 0
6 1 6 1
5 2 5 2
2 3 2 3
9 4 9 4
7 5 7 5
0 6 0 6
3 7 3 7
4 8 4 8
8 9 8 9
10 10 10
3 0 3 0
5 1 5 1
2 2 2 2
1 3 1 3
4 4 4 4
0 5 0 5
9 6 9 6
7 7 7 7
6 8 6 8
8 9 8 9
71 358 5
16 297 34 320
9 72 45 249
60 34 68 105
48 217 56 265
52 3 58 112
10 10 10
4 0 4 0
2 1 2 1
0 2 0 2
5 3 5 3
1 4 1 4
3 5 3 5
6 6 6 6
7 7 7 7
9 8 9 8
8 9 8 9
32 380 10
25 47 26 56
8 221 22 232
24 195 25 241
0 96 11 111
19 91 26 175
0 210 1 290
6 280 14 337
28 53 28 276
13 349 17 375
9 12 13 35
95 402 9
51 17 72 70
23 72 83 87
30 153 70 220
30 322 40 392
82 212 85 332
31 95 39 132
7 25 45 42
8 175 22 189
13 275 66 278
10 10 10
0 0 0 0
3 1 3 1
9 2 9 2
5 3 5 3
4 4 4 4
6 5 6 5
7 6 7 6
8 7 8 7
2 8 2 8
1 9 1 9
78 315 10
0 52 13 52
22 52 35 52
65 52 77 52
10 104 62 104
0 156 13 156
21 156 34 156
65 156 77 156
10 208 62 208
0 260 13 260
19 260 32 260
46 235 4
4 66 10 168
10 43 25 52
26 172 38 201
19 75 30 132
100 500 10
28 205 87 256
53 437 71 455
12 51 90 107
88 149 93 329
20 327 28 339
10 366 71 392
7 344 53 354
3 187 42 199
23 311 42 322
10 396 59 417
100 500 10
85 195 86 291
6 6 28 103
69 325 89 438
47 20 59 456
17 154 45 429
91 11 96 247
67 193 81 248
14 460 70 497
2 94 5 245
7 136 8 255
25 395 2
6 107 22 144
23 224 24 292
100 500 10
13 374 35 438
19 172 63 254
76 172 85 178
11 88 11 168
31 29 88 68
6 467 76 489
35 115 62 142
98 112 99 417
2 200 4 235
8 259 97 303
51 459 2
0 261 38 421
39 59 50 421
100 500 10
68 117 96 281
27 155 28 186
15 417 68 420
67 17 82 69
2 319 96 367
84 16 99 95
17 9 18 166
32 193 67 254
23 267 51 310
91 374 93 392
62 149 1
0 65 61 120
100 500 10
13 439 37 479
42 13 70 373
10 69 11 292
21 46 29 271
13 403 95 435
83 52 87 75
74 260 92 307
5 81 8 216
96 119 96 356
78 114 81 128
97 474 6
23 95 64 322
7 148 16 420
8 451 67 463
36 439 69 447
93 266 95 424
85 17 94 22
15 308 2
0 226 12 305
13 121 14 226
28 127 7
14 56 16 125
24 80 24 96
8 1 21 54
2 85 5 102
1 22 6 61
25 78 27 82
24 53 27 67
100 500 10
0 1 82 2
37 3 99 3
0 5 93 6
10 8 99 9
0 10 67 11
7 14 99 15
0 18 56 19
27 22 99 22
0 23 77 24
22 26 99 27
7 46 0
11 221 1
2 26 9 114
91 47 1
0 0 90 26
100 500 10
0 1 78 3
16 4 99 6
0 8 99 10
16 11 99 12
0 14 80 16
30 18 99 20
0 22 91 22
15 25 99 26
0 29 65 29
47 32 99 34
100 500 10
38 177 74 312
17 16 54 62
84 137 94 352
56 391 61 408
1 270 8 306
15 279 16 374
9 73 83 166
14 383 55 418
57 16 86 28
29 463 50 480
10 10 10
3 0 3 0
1 1 1 1
4 2 4 2
9 3 9 3
5 4 5 4
0 5 0 5
6 6 6 6
8 7 8 7
7 8 7 8
2 9 2 9
100 500 10
31 449 75 481
54 377 83 407
31 3 70 105
90 124 92 401
30 110 48 351
22 188 29 345
56 244 86 302
85 1 87 116
92 43 94 62
4 198 14 317
10 10 10
5 0 5 0
9 1 9 1
4 2 4 2
6 3 6 3
7 4 7 4
0 5 0 5
1 6 1 6
2 7 2 7
3 8 3 8
8 9 8 9
78 38 0
63 271 2
0 128 33 257
34 159 62 257
18 388 5
4 112 10 260
3 361 7 372
12 93 12 118
1 280 17 348
15 203 15 276
100 500 10
0 1 68 3
41 6 99 8
0 11 59 11
11 14 99 16
0 19 97 19
1 21 99 21
0 22 50 22
31 24 99 25
0 28 69 28
39 31 99 32
100 500 10
0 1 56 3
28 6 99 8
0 9 66 10
38 13 99 15
0 17 57 19
26 22 99 24
0 27 75 28
10 31 99 32
0 33 88 34
29 35 99 37
97 367 10
43 145 84 308
3 10 22 167
86 72 95 261
70 330 92 347
41 343 58 344
36 125 37 355
40 59 43 142
1 286 25 301
55 50 73 107
2 171 33 249
