50
10
0.82 0.73 0.32 0.07 0.80 0.25 0.34 0.39 0.54 0.48
0.05 0.89 0.84 0.75 0.77 0.68 0.16 0.91 0.66 0.50
5
0.50 0.17 0.42 0.67 0.83
0.58 0.92 0.25 0.75 0.33
10
0.75 0.62 0.85 0.72 0.66 0.65 0.60 0.94 0.63 0.74
0.35 0.48 0.52 0.34 0.57 0.29 0.37 0.08 0.31 0.46
10
0.26 0.35 0.03 0.41 0.07 0.47 0.19 0.27 0.33 0.31
0.81 0.82 0.67 0.70 0.50 0.58 0.87 0.89 0.76 0.79
10
0.282 0.607 0.316 0.538 0.410 0.111 0.043 0.214 0.556 0.470
0.726 0.692 0.667 0.812 0.829 0.983 0.778 0.624 0.786 0.897
8
0.54 0.08 0.36 0.95 0.31 0.59 0.98 0.49
0.93 0.80 0.03 0.02 0.51 0.05 0.66 0.43
5
0.61 0.29 0.55 0.84 0.06
0.26 0.45 0.42 0.23 0.32
10
0.178 0.785 0.579 0.822 0.430 0.813 0.196 0.701 0.093 0.682
0.037 0.673 0.542 0.393 0.710 0.692 0.972 0.981 0.421 0.215
10
0.75 0.31 0.09 0.19 0.06 0.66 0.69 0.62 0.28 0.34
0.53 0.56 0.50 0.88 0.03 0.47 0.41 0.97 0.91 0.12
8
0.19 0.93 0.38 0.33 0.64 0.48 0.90 0.26
0.17 0.98 0.60 0.67 0.76 0.10 0.81 0.50
2
0.6 0.2
0.4 0.8
6
0.91 0.64 0.05 0.36 0.73 0.59
0.68 0.50 0.77 0.41 0.27 0.45
10
0.93 0.89 0.11 0.18 0.36 0.86 0.21 0.61 0.25 0.54
0.96 0.14 0.04 0.75 0.57 0.82 0.50 0.64 0.46 0.39
10
0.703 0.426 0.366 0.564 0.693 0.891 0.149 0.218 0.881 0.842
0.030 0.050 0.980 0.822 0.287 0.069 0.416 0.495 0.901 0.257
10
0.94 0.46 0.40 0.06 0.18 0.60 0.36 0.66 0.08 0.78
0.44 0.42 0.86 0.10 0.14 0.80 0.16 0.88 0.96 0.34
10
0.103 0.346 0.215 0.477 0.963 0.935 0.252 0.374 0.336 0.486
0.327 0.449 0.972 0.523 0.364 0.869 0.308 0.636 0.093 0.224
10
0.32 0.23 0.30 0.43 0.21 0.38 0.26 0.40 0.36 0.19
0.60 0.92 0.45 0.89 0.83 0.55 0.68 0.81 0.58 0.51
7
0.94 0.10 0.77 0.71 0.74 0.52 0.58
0.39 0.87 0.97 0.32 0.42 0.45 0.06
10
0.64 0.61 0.91 0.27 0.48 0.33 0.55 0.70 0.73 0.45
0.42 0.52 0.39 0.03 0.76 0.06 0.09 0.24 0.36 0.67
10
0.190 0.057 0.390 0.343 0.295 0.133 0.210 0.124 0.038 0.467
0.905 0.648 0.676 0.781 0.552 0.914 0.800 0.838 0.857 0.638
5
0.40 0.80 0.10 0.25 0.95
0.90 0.55 0.65 0.85 0.30
10
0.58 0.62 0.04 0.75 0.92 0.52 0.41 0.23 0.10 0.68
0.65 0.90 0.20 0.33 0.51 0.29 0.59 0.32 0.46 0.80
10
0.91 0.56 0.55 0.98 0.68 0.78 0.64 0.46 0.01 0.34
0.18 0.41 0.54 0.71 0.40 0.49 0.77 0.11 0.93 0.51
10
0.77 0.23 0.35 0.65 0.58 0.15 0.73 0.81 0.96 0.88
0.92 0.19 0.27 0.38 0.69 0.42 0.50 0.46 0.08 0.04
10
0.73 0.88 0.58 0.48 0.35 0.45 0.50 0.22 0.30 0.38
0.17 0.98 0.90 0.40 0.68 0.83 0.53 0.78 0.93 0.70
1
0.5
0.6
10
0.39 0.35 0.59 0.48 0.76 0.45 0.11 0.61 0.42 0.91
0.18 0.41 0.52 0.53 0.98 0.12 0.97 0.17 0.21 0.23
1
0.2
0.5
9
0.31 0.10 0.34 0.90 0.24 0.69 0.03 0.48 0.66
0.79 0.86 0.38 0.45 0.62 0.17 0.41 0.07 0.72
8
0.13 0.68 0.28 0.71 0.48 0.06 0.11 0.10
0.41 0.45 0.23 0.39 0.52 0.62 0.15 0.70
10
0.76 0.24 0.29 0.82 0.10 0.04 0.47 0.92 0.08 0.27
0.41 0.31 0.63 0.22 0.43 0.16 0.35 0.51 0.33 0.06
10
0.71 0.52 0.25 0.61 0.90 0.82 0.06 0.66 0.64 0.27
0.03 0.57 0.78 0.36 0.12 0.60 0.74 0.19 0.40 0.29
10
0.57 0.29 0.41 0.83 0.07 0.46 0.45 0.88 0.11 0.75
0.73 0.94 0.74 0.64 0.48 0.58 0.37 0.35 0.81 0.18
10
0.588 0.088 0.324 0.461 0.706 0.529 0.794 0.716 0.990 0.647
0.118 0.431 0.451 0.608 0.725 0.422 0.824 0.696 0.108 0.245
10
0.99 0.77 0.85 0.67 0.60 0.75 0.59 0.96 0.97 0.74
0.25 0.07 0.22 0.11 0.08 0.18 0.03 0.10 0.04 0.14
4
0.50 0.53 0.34 0.11
0.84 0.45 0.76 0.68
4
0.07 0.36 0.29 0.43
0.79 0.64 0.71 0.57
1
0.2
0.4
10
0.48 0.98 0.18 0.60 0.74 0.42 0.80 0.17 0.32 0.08
0.82 0.26 0.65 0.37 0.43 0.25 0.35 0.71 0.34 0.40
10
0.01 0.68 0.29 0.95 0.87 0.25 0.55 0.30 0.39 0.22
0.97 0.13 0.53 0.78 0.64 0.12 0.77 0.43 0.56 0.05
6
0.86 0.57 0.52 0.67 0.81 0.62
0.19 0.05 0.48 0.24 0.38 0.14
10
0.271 0.710 0.495 0.832 0.822 0.542 0.224 0.206 0.860 0.355
0.430 0.477 0.645 0.318 0.280 0.187 0.785 0.682 0.327 0.804
10
0.18 0.02 0.14 0.11 0.88 0.76 0.80 0.93 0.99 0.97
0.03 0.98 0.63 0.57 0.51 0.22 0.84 0.56 0.85 0.45
10
0.40 0.23 0.96 0.61 0.92 0.44 0.81 0.19 0.27 0.94
0.66 0.21 0.87 0.80 0.54 0.01 0.12 0.10 0.56 0.51
10
0.70 0.22 0.21 0.53 0.25 0.82 0.14 0.04 0.63 0.95
0.36 0.58 0.37 0.60 0.41 0.07 0.62 0.12 0.34 0.56
10
0.94 0.33 0.78 0.83 0.29 0.87 0.26 0.52 0.35 0.50
0.71 0.72 0.96 0.16 0.98 0.27 0.95 0.43 0.12 0.30
8
0.65 0.49 0.85 0.90 0.80 0.67 0.81 0.38
0.35 0.55 0.56 0.42 0.57 0.82 0.76 0.45
10
0.56 0.63 0.74 0.11 0.89 0.94 0.02 0.50 0.79 0.92
0.21 0.87 0.95 0.29 0.15 0.52 0.53 0.42 0.35 0.71
10
0.81 0.38 0.68 0.49 0.78 0.51 0.46 0.89 0.70 0.05
0.54 0.08 0.97 0.57 0.95 0.19 0.27 0.32 0.11 0.76
8
0.12 0.46 0.44 0.09 0.57 0.41 0.89 0.62
0.92 0.58 0.96 0.39 0.13 0.83 0.53 0.31
