100
1 1 1 1 1
10 17 1 7 1
2 100 100 200 1
20 17 3 23 100
10 999999 999999 1000000 1000000
2 1 1 1 1
3 1 99 100 1
999999 1000000 999999 1000000 1000000
8 15 23 10 22
1975 723351 77050 888394 395086
1000 9999 500 10000 1
188 861084 554481 999983 749614
4 10 2 21 1
7 4 6 10 5
10 11 22 15 30
5 2 5 20 27
10 285984 949800 358360 229836
7 26 3 26 18
10 790142 491450 632311 840343
5 15 26 26 5
17527 979085 74911 769644 363045
404720 365932 951058 1000000 988174
148 773613 287982 1000000 636886
5 721401 101075 764244 136170
10 402476 259984 858701 893179
4 26 9 7 23
6 18 9 26 12
9 15 19 28 6
9 330546 537273 352441 987831
6 23 16 17 19
7 233733 432141 90385 263568
6 22 26 5 22
1000000 359140 485718 999983 531032
6 477960 682884 142733 98207
100000 999999 50000 1000000 1
5027 16210 771588 510655 988614
10 30 19 11 12
1000000 835169 202692 172466 438115
4 11 11 21 1
62 57020 506693 356921 802763
10 23 30 5 7
81480 211153 649716 1000000 820543
999999 3 5 3 6
4 19 17 16 21
7 19 7 11 17
6 758038 509297 947574 739600
5 20 2 6 26
101 305330 850671 999983 412448
1798 935567 83559 1000000 13375
190 699424 218317 558926 639097
9 6 14 22 29
7 23 22 29 18
2017 628086 933855 999983 494964
7 407912 903379 821139 123509
5 11 25 13 15
8 6 24 5 22
9 28 4 20 28
1000000 577138 709481 1000000 758628
1000000 752531 175772 1000000 761023
2265 795022 366886 1000000 960398
9 15 25 21 26
5 25 25 27 3
4 3 20 19 30
8 24 16 13 26
5 30 30 5 8
1000000 851593 492097 105751 341239
10 129701 768051 482708 697561
210156 957392 43046 999983 17387
4 5 19 18 14
4 666471 807750 920705 692510
8 119102 379753 25036 904980
2 918465 777777 999983 922275
5 837780 252281 365990 642988
1000000 771538 894756 1000000 394947
8 10 11 23 7
10 13 17 8 11
283 961614 383683 999983 505281
6 123579 929491 201532 88986
7 16 20 7 16
7 219140 518242 494845 895039
7 18 29 9 24
8 893605 585232 633884 839981
5 8 19 21 1
1000000 589316 40049 999983 281896
7 28 27 12 2
1000000 244915 349329 999983 156384
599 166717 517938 1000000 606588
5 16 15 16 27
3 500000 500000 1000000 1
10 287376 697770 382621 615079
9 9 18 23 15
9 25 24 18 14
10 4 4 26 29
8 17 5 21 7
341435 822107 80172 527142 298729
1 1 1 1 1
10 1 28 13 28
1000000 336956 559415 875735 205036
28 832062 422093 1000000 166834
8 8 15 27 21
