98
1 1 1 1 1
10 17 1 7 1
2 100 100 200 1
20 17 3 23 100
10 999999 999999 1000000 1000000
2 1 1 1 1
3 1 99 100 1
1000 297885 926788 1000000 525302
22 69575 739681 468542 34466
513 899982 827928 1000000 755148
5 14 30 10 26
5 24 27 4 13
2 190607 104599 999983 862864
11 748078 531772 1000000 318320
7 22 30 17 15
10 95383 9362 674875 366525
9 17 4 14 21
4 28 22 13 28
7 17 6 13 22
9 5 25 9 18
10 6 3 20 27
6 17 10 25 14
1000 138548 250368 999983 729081
8 175147 266609 943725 840706
4 11 11 21 1
4 171027 620610 397785 782793
6 23 24 10 29
5 27 18 23 19
1000 9999 500 10000 1
5 837780 252281 365990 642988
19 830972 683805 940900 190116
8 795914 247743 352454 600309
4 9 17 14 19
9 8 9 12 16
87 997165 924177 1000000 149404
9 10 22 5 15
5 19441 983905 53074 88676
5 648870 414414 926137 219039
5 1 8 29 20
6 9 20 26 20
2 521004 582939 999983 760992
4 23 26 14 2
5 75015 312828 336742 961148
7 26 25 26 5
1000 92494 613732 1000000 139522
5 124164 732865 687051 827462
7 194826 230440 921251 210922
33 81686 749542 999983 852676
10 6 22 26 13
5 316224 153153 826980 519376
212 989189 685570 1000000 597419
1000 561286 178037 999983 935365
99 57461 594741 999983 999273
274 77736 170125 1000000 340628
10 16 20 25 11
10 18 4 24 19
4 16 28 25 2
2 995497 106442 999983 738731
9 22 16 8 30
6 706666 893169 385965 180953
1 516166 247475 999983 361710
1000 267497 74359 640938 305802
4 1 7 9 10
9 833342 127985 998607 69248
10 12 20 21 13
1000 797566 225123 241370 508661
10 834036 796849 711387 655954
9 313679 661730 898083 183758
1000 390305 317520 999983 9780
15 644641 140411 433638 103143
44 65647 595583 914040 653720
5 27 20 30 26
7 15 12 5 20
4 10 2 21 1
999 3 5 3 6
8 22 12 18 23
4 2 15 20 4
6 24 22 15 30
5 16 8 7 20
10 881946 818089 667814 569119
92 74403 732394 1000000 511389
5 374606 843007 892130 965086
1000 969767 251208 999888 538789
1 518703 25241 1000000 391432
8 30 12 15 9
8 11 30 26 15
19 123943 788461 999983 991872
3 500000 500000 1000000 1
8 5 22 4 16
7 13 26 7 24
6 18 14 15 19
8 20 19 16 18
5 15 7 15 24
8 26 2 19 30
1000 650181 625654 1000000 554555
9 527630 871883 309739 564444
1 1 1 1 1
90 341265 49573 718767 893913
