100
44 65 100
9 1
14 1
2 1
2 1
8 1
4 1
11 1
6 1
17 1
3 1
4 1
6 1
1 1
2 1
19 1
22 1
3 1
10 1
1 1
1 1
15 1
11 1
6 1
1 1
17 1
6 1
3 1
8 1
8 1
5 1
1 1
2 1
1 1
18 1
27 1
8 1
18 1
1 1
16 1
7 1
8 1
2 1
3 1
10 1
18 1
13 1
7 1
3 1
6 1
3 1
12 1
2 1
6 1
7 1
5 1
15 1
1 1
7 1
14 1
8 1
21 1
8 1
4 1
29 1
12 1
37 1
11 1
19 1
5 1
1 1
14 1
18 1
1 1
2 1
3 1
34 1
24 1
15 1
21 1
1 1
15 1
9 1
28 1
5 1
18 1
7 1
11 1
16 1
6 1
2 1
30 1
7 1
2 1
14 1
3 1
2 1
9 1
15 1
20 1
3 1
22 21 100
194 168818
191 81159
192 320908
192 316322
190 85712
192 365268
192 7075
190 747686
192 532200
190 161961
190 204707
195 356224
193 706811
191 17829
191 113586
193 169760
190 125879
190 27406
197 533515
199 94777
190 184300
194 178491
191 713700
192 246684
195 340563
195 191065
190 327209
191 49366
191 821414
193 230833
192 205787
193 419769
191 418383
193 14582
195 24376
196 118208
190 10453
191 282804
190 155111
191 50432
190 435796
190 374862
191 26607
197 579786
192 154080
190 219027
195 159828
190 586538
199 628495
191 186244
190 4517
193 82655
190 424249
195 117057
191 811260
190 45817
192 265778
194 788461
193 411576
195 106007
191 322747
196 224213
192 399229
195 249998
192 91570
190 175079
198 534787
191 676819
199 327791
190 558439
190 1627
191 387816
190 65024
190 49510
193 61463
192 769945
191 433815
191 48226
197 256064
193 150698
190 490753
193 22957
193 67501
197 502134
198 314631
190 60917
190 552690
192 24270
190 3464
196 109769
192 44374
190 209830
191 703760
190 574999
192 259500
194 29016
197 372548
194 81272
197 373183
192 233722
56 22 100
69 1
149 1
57 1
145 1
32 1
15 1
14 1
75 1
66 1
161 1
150 1
105 1
2 1
68 1
31 1
36 1
60 1
132 1
9 1
133 1
20 1
17 1
74 1
15 1
115 1
77 1
94 1
87 1
21 1
1 1
94 1
51 1
58 1
109 1
32 1
3 1
171 1
125 1
32 1
107 1
1 1
29 1
2 1
108 1
162 1
106 1
61 1
41 1
82 1
130 1
119 1
30 1
105 1
59 1
26 1
6 1
29 1
66 1
58 1
35 1
86 1
123 1
67 1
29 1
37 1
146 1
26 1
59 1
57 1
13 1
6 1
9 1
38 1
106 1
21 1
12 1
153 1
11 1
26 1
73 1
1 1
123 1
63 1
66 1
1 1
29 1
82 1
1 1
104 1
61 1
1 1
92 1
37 1
84 1
55 1
46 1
58 1
6 1
51 1
58 1
80 20 30
35 515542
115 66562
39 77535
11 47386
55 242677
105 252220
18 270887
6 118620
22 309436
59 59058
9 65464
45 644498
72 40569
6 59760
15 21139
9 250892
61 195908
27 854025
68 74493
145 30932
1 112357
119 476027
1 46092
32 173110
3 247699
34 23590
44 271496
1 7301
8 235643
22 48023
41 94 100
40 1
106 1
114 1
109 1
97 1
133 1
96 1
100 1
123 1
116 1
95 1
101 1
99 1
103 1
127 1
104 1
131 1
107 1
108 1
127 1
109 1
129 1
100 1
110 1
96 1
123 1
116 1
96 1
135 1
131 1
109 1
112 1
96 1
129 1
125 1
125 1
130 1
116 1
126 1
133 1
95 1
107 1
108 1
95 1
96 1
128 1
124 1
100 1
124 1
117 1
124 1
121 1
118 1
97 1
104 1
129 1
106 1
111 1
106 1
103 1
111 1
120 1
124 1
98 1
102 1
106 1
95 1
114 1
111 1
124 1
134 1
113 1
100 1
111 1
97 1
117 1
130 1
132 1
122 1
113 1
123 1
120 1
106 1
110 1
98 1
99 1
129 1
100 1
98 1
133 1
95 1
121 1
122 1
105 1
192 1
34 1
128 1
100 1
110 1
129 1
21 21 100
190 427143
196 716477
192 426359
190 10585
197 182514
191 172582
193 407135
191 618553
191 71499
191 488284
190 148060
191 186967
193 273075
191 506549
196 731199
197 137675
195 18673
192 270446
199 330373
192 1878
194 4407
190 727950
193 18578
194 214340
194 27284
193 27571
195 520786
198 4162
193 18742
190 2971
190 294797
191 138643
191 10664
190 471555
190 679265
191 158924
191 323221
191 279574
199 66777
190 181635
192 172358
196 535262
191 1381
194 737770
191 92755
190 8810
194 103207
191 58154
191 27513
191 24272
191 91221
191 69914
190 526915
195 366915
193 248615
190 903804
194 116555
191 135907
191 537555
190 43083
193 436704
191 21656
194 800119
192 559278
192 178138
190 510641
200 182049
193 290899
191 21788
192 320047
190 157358
198 481327
190 204534
198 36742
190 666398
190 424216
190 559819
191 731814
192 96214
194 4866
190 12336
190 155884
190 19603
191 454078
197 341917
191 354155
198 129904
192 273286
192 10882
193 379331
190 28077
197 88541
190 216805
190 192470
193 907886
195 578151
190 1996
191 397663
193 6893
192 88349
26 48 100
18 108721
51 423496
151 35143
58 300517
6 345212
82 501449
167 1081
83 31291
19 41857
155 60285
90 39887
138 244390
17 317410
131 468122
117 673870
6 565222
53 218214
127 23294
70 381314
123 370275
67 640221
143 71360
57 63985
126 453687
106 34826
95 214889
70 124621
116 697649
6 353686
104 82250
83 144714
68 681665
72 312972
61 89209
71 342778
103 706838
55 404623
5 594220
174 128582
9 247222
126 61152
146 382104
70 371237
6 282055
6 222864
97 541232
76 259998
59 145976
68 1020
147 797073
34 223559
143 516008
143 555090
66 45338
132 5188
49 489821
120 444560
20 567314
60 164101
66 46438
137 12235
54 141861
68 5195
108 184349
50 247737
152 310117
4 16132
17 383473
114 479384
4 57565
70 181049
2 522953
60 479245
53 18112
127 580226
57 768973
50 105974
63 281855
111 604786
19 458801
70 139651
65 11849
124 40732
115 179693
51 44374
65 12477
97 817007
82 417471
87 82891
147 121118
28 80561
107 306592
51 68032
73 23689
12 50484
65 575900
69 436364
99 184558
21 332975
136 5669
21 68 100
169 37076
2 553095
144 52175
138 233244
38 659464
78 37097
85 39582
174 196088
80 433226
82 28217
72 209999
158 98361
72 329493
172 14038
78 8554
155 426319
18 346430
76 445902
142 384652
16 379683
85 46316
73 7788
83 281992
85 21143
140 343122
2 401434
79 27712
171 204202
86 90630
71 238424
164 261035
79 247
81 64151
151 388746
96 134543
161 371484
78 72164
73 766943
87 136035
89 64008
80 353117
74 172162
150 236070
80 414162
85 96133
8 43783
75 14819
81 264505
73 257220
151 599325
92 67964
81 76269
78 595439
82 223118
73 36863
76 121578
78 560226
74 485464
82 101175
69 12648
91 28811
87 489895
78 206143
21 373519
170 797245
154 3357
19 179762
79 159655
73 241985
70 456303
138 69808
85 780050
12 423133
69 142257
83 536849
77 442303
86 219463
140 275769
1 199580
85 138783
159 93416
87 59706
150 152926
89 37321
105 703158
140 141214
159 36982
12 153431
139 472077
89 549286
141 19110
120 190913
87 317127
148 804233
172 14414
12 178229
79 712573
74 26230
69 14897
77 364967
45 143 2
60 157584
94 38037
32 20 100
121 0
39 1
109 0
40 0
138 0
140 1
22 0
65 1
28 0
106 1
28 0
45 0
15 0
2 0
87 0
67 0
90 0
137 0
8 0
146 0
23 0
84 0
4 1
23 0
18 0
92 0
49 0
2 1
87 1
6 0
38 0
64 0
80 0
48 0
46 0
113 0
144 0
59 0
9 0
27 0
3 0
73 0
2 0
57 0
4 0
46 0
2 0
16 0
12 0
9 0
91 0
85 0
10 0
66 1
47 0
7 0
28 0
7 0
15 0
68 0
9 1
15 0
40 1
9 1
19 0
99 0
8 0
40 0
82 0
132 0
25 1
22 0
43 0
22 0
142 0
3 0
34 0
13 0
96 0
12 1
5 1
56 0
144 0
14 0
83 0
5 0
8 0
2 0
2 1
80 1
7 0
71 0
51 0
2 0
60 0
5 0
8 1
115 0
62 0
15 1
96 49 55
61 0
26 0
66 0
54 1
73 0
90 0
63 0
139 1
55 0
90 0
94 0
2 0
54 2
97 0
116 1
49 0
148 1
92 0
82 0
84 0
59 0
14 0
2 0
193 1
39 0
57 1
44 2
82 2
173 0
11 1
17 1
54 0
83 1
184 0
30 0
12 1
107 0
5 0
175 0
157 0
28 1
67 0
126 0
17 0
81 0
78 1
37 0
179 0
18 0
71 1
42 0
70 1
20 2
56 1
21 1
63 105 100
2 411125
143 130438
167 148913
166 166627
148 18967
136 89153
124 365926
144 41185
114 680870
146 186944
116 739
118 482983
150 33236
131 897240
125 741534
112 465283
127 545967
109 382817
168 264304
162 288632
116 1833
143 416
122 306547
142 58307
136 94561
111 77493
109 15029
132 517681
111 214166
154 77700
150 319664
110 149358
142 377402
150 66699
128 386689
107 446916
122 96628
158 573164
143 586454
111 155222
142 196249
137 394400
114 431558
114 472569
115 354907
153 351664
122 412276
125 36995
135 18912
125 11576
130 81909
111 658541
121 233070
123 226374
135 57790
142 559310
128 46940
121 137535
129 428939
121 88695
127 536227
136 12467
119 35448
117 402765
157 432692
114 477012
131 17186
146 194489
161 71969
131 28673
161 204847
139 36919
141 213225
165 120715
110 429069
106 125766
133 25029
106 55796
151 207675
115 437053
143 627527
130 390063
115 112820
108 165585
125 101557
152 827265
121 195675
145 166027
123 329118
119 493394
133 522146
129 152016
106 500683
145 259513
152 28405
130 780036
135 304705
138 471153
139 421886
120 102079
113 98 100
1 1
107 1
125 1
109 1
184 1
139 1
111 1
138 1
116 1
122 1
114 1
107 1
148 1
135 1
118 1
146 1
116 1
119 1
119 1
133 1
170 1
113 1
121 1
190 1
120 1
181 1
109 1
109 1
119 1
120 1
144 1
143 1
160 1
101 1
142 1
158 1
103 1
108 1
109 1
146 1
150 1
183 1
123 1
108 1
110 1
99 1
171 1
111 1
111 1
184 1
87 1
146 1
194 1
182 1
105 1
127 1
127 1
105 1
183 1
146 1
109 1
131 1
111 1
145 1
122 1
146 1
116 1
146 1
101 1
183 1
121 1
115 1
114 1
109 1
111 1
148 1
127 1
107 1
106 1
131 1
163 1
140 1
110 1
112 1
144 1
136 1
152 1
125 1
191 1
135 1
111 1
152 1
110 1
180 1
186 1
138 1
168 1
137 1
104 1
141 1
32 162 5
61 0
79 1
133 0
134 1
162 0
20 21 100
191 364997
190 195908
190 199139
198 258592
191 238721
192 300329
195 927394
190 215555
191 15741
191 299409
190 340230
190 136506
192 60125
190 388341
191 12572
195 56142
195 125756
190 62759
193 53426
194 314630
192 193653
190 795106
190 232838
194 54041
191 95022
190 194070
191 486311
198 740118
194 30221
190 231849
196 198981
197 752
194 255461
193 223784
192 12032
190 1051
194 157728
190 1909
194 79890
196 287634
190 71065
197 529911
190 810152
194 592206
193 286650
193 281180
194 135919
196 323323
196 235482
191 275624
191 225246
192 113444
198 104092
190 243728
194 103494
194 214717
194 110138
191 137486
198 72568
195 348140
194 684889
199 206088
190 146150
194 875346
194 258715
192 330874
194 66822
192 835380
194 580176
192 44038
192 397182
196 66752
190 22245
190 50600
190 460778
190 111448
193 267057
190 2354
190 66353
191 30390
194 747282
191 657128
193 80563
192 217220
190 141506
191 468382
200 28698
197 164475
191 270689
192 363717
194 508851
190 280000
199 145820
190 276636
191 452075
195 5073
190 135175
190 37295
190 409589
190 68909
20 50 2
100 1
50 1
20 50 1
200 48632
47 99 100
20 1
143 1
125 1
114 1
120 1
128 1
132 1
146 1
103 1
102 1
102 1
140 1
114 1
115 1
136 1
137 1
108 1
116 1
129 1
131 1
113 1
122 1
146 1
125 1
129 1
129 1
144 1
103 1
139 1
137 1
126 1
106 1
138 1
143 1
113 1
129 1
140 1
113 1
121 1
101 1
118 1
105 1
128 1
144 1
108 1
110 1
104 1
113 1
118 1
111 1
118 1
102 1
129 1
119 1
113 1
140 1
112 1
133 1
105 1
133 1
115 1
113 1
135 1
101 1
133 1
112 1
124 1
105 1
100 1
134 1
134 1
136 1
116 1
106 1
123 1
134 1
133 1
130 1
125 1
103 1
110 1
108 1
142 1
146 1
134 1
125 1
125 1
118 1
136 1
104 1
101 1
145 1
125 1
113 1
144 1
109 1
129 1
108 1
100 1
127 1
32 57 1
35 1
23 20 100
192 170448
190 112025
195 33237
195 436139
193 651564
191 217667
191 353713
196 262134
192 32978
190 589578
190 53895
195 48665
190 51508
191 55359
190 649617
197 265309
190 22613
196 258214
190 135606
191 371428
196 49165
191 229697
192 59758
199 462257
192 194891
196 214982
192 22453
195 125
196 52878
190 649903
190 166369
190 345717
192 102962
195 327353
196 17032
197 300856
190 44276
191 265909
190 618234
196 29105
196 2636
196 227099
190 375711
190 175293
193 341228
198 791057
192 152996
195 728
193 804844
190 400363
194 91272
196 3896
190 27459
192 162620
191 715596
190 31575
199 63287
190 274297
191 128365
193 126453
194 187477
191 171245
193 561186
199 439247
195 44020
192 12980
190 366413
190 386092
190 102904
190 114402
191 232300
192 283359
192 184945
196 501173
192 611586
193 61005
191 688781
196 120148
193 134827
191 848119
191 251433
195 143879
190 26483
190 43531
190 436328
192 673056
194 35612
197 73430
192 62849
192 620450
192 99920
190 64662
192 75293
191 123804
193 419395
196 193401
192 45021
190 723914
194 16462
194 118937
21 20 100
193 65391
191 160755
195 592155
191 46770
190 59816
193 257224
196 322875
191 467563
190 101006
190 86934
190 567871
190 611486
197 36900
193 181970
192 229325
193 163532
198 86515
191 30636
190 58873
191 496328
198 554202
199 427681
191 436911
192 29006
190 232339
197 31616
190 778958
192 112274
192 91150
196 554120
190 525216
194 227896
190 198666
191 61960
198 70114
194 170160
194 86654
197 46638
195 114490
194 350690
195 57107
191 92923
190 679918
198 245497
191 18704
190 385552
193 218552
190 358641
190 184638
191 23444
192 568402
190 49615
197 338719
191 63718
200 344391
195 581456
195 290696
190 161851
193 82825
190 317896
193 100897
192 104508
190 99210
190 361324
191 420493
195 287034
197 81708
190 347933
191 447764
195 611422
191 8917
195 909021
199 594431
193 65839
192 18704
191 61246
193 29897
190 615279
193 414810
190 155502
192 64715
194 144602
191 333303
192 138519
190 5319
198 12158
190 7767
191 277698
193 340703
193 126204
190 7857
190 25612
190 423092
192 288111
190 8907
197 687448
193 108671
197 187953
192 639743
190 23614
45 20 64
21 0
61 0
2 1
80 0
115 0
89 1
49 1
122 1
19 0
37 0
14 0
145 0
4 0
95 0
27 2
129 2
57 0
6 0
14 1
16 2
2 0
23 1
163 2
5 0
51 0
150 1
19 1
68 0
50 0
146 0
21 0
67 2
12 1
17 0
9 0
131 0
37 0
84 1
1 0
27 0
22 0
40 2
64 0
100 1
120 1
8 0
15 1
31 0
49 0
12 0
19 0
120 1
6 0
24 0
99 1
68 0
7 0
164 1
50 0
2 1
12 0
90 0
22 0
109 0
35 50 100
37 157274
39 125534
45 437839
36 210539
36 6628
48 250862
38 415324
45 860338
42 268642
44 108729
37 288301
40 26596
36 169506
42 400977
41 408879
45 37785
45 295833
37 89798
38 381505
36 113689
38 290992
37 165337
37 461410
37 125031
37 57270
36 246963
36 152199
38 94447
38 222780
39 713783
36 22343
46 95392
39 456130
36 235335
38 244493
46 254888
39 99435
36 575941
36 519512
36 231487
44 10215
38 19577
38 595941
38 212
40 549063
44 546944
43 108590
45 72571
36 174444
38 485
36 2248
37 911423
37 74623
46 863
36 523162
36 368470
36 400874
41 189370
36 131101
42 765878
38 166227
42 8859
36 746011
39 639864
38 277549
37 302588
36 676127
41 328636
39 123647
44 455871
36 604372
36 54165
46 36720
38 407357
36 77839
40 317574
40 411251
37 113107
37 587094
37 98633
36 50989
40 308457
49 41412
37 148387
39 275701
39 11328
43 256574
38 710955
44 17645
46 42174
40 18413
36 11646
38 12124
38 344814
41 502096
39 492882
39 177529
42 337571
38 229649
38 140817
121 111 27
68 0
55 0
55 0
3 0
127 0
32 1
4 0
19 0
127 1
121 1
6 0
123 0
80 0
123 0
82 0
67 1
77 0
30 0
34 0
50 0
62 0
38 0
25 0
63 0
90 0
58 0
35 0
20 164 8
41 395250
59 102753
69 550162
86 281575
130 98455
141 90529
152 19191
163 123
101 135 100
43 377155
140 216741
165 90838
184 736742
143 206220
186 551360
178 150124
148 635738
180 187354
138 76725
139 378998
141 186335
150 40411
139 332365
164 303228
168 45531
156 683806
156 432063
181 161506
151 28320
142 628345
148 77924
174 302908
136 69602
153 583577
157 102479
146 660685
177 57222
146 178391
148 74297
182 865081
157 10249
138 271541
139 1560
159 2321
155 345987
191 126731
136 349509
148 544053
193 94942
136 489812
168 150406
174 104194
144 73325
159 333293
188 414671
168 35963
151 834690
144 254447
155 284996
147 97704
154 247589
167 714
155 64354
174 537620
138 403360
156 455388
144 413197
190 465677
186 94047
148 81947
154 463848
161 478615
152 475192
145 39659
168 141738
177 414619
137 54148
115 236303
153 169380
150 287901
148 191566
146 532581
143 842134
170 850921
172 61863
192 24785
141 83658
141 41227
140 296431
137 707627
167 208417
145 88867
162 370129
182 74774
142 136270
159 283095
173 27125
162 111150
144 463584
145 54896
183 184690
162 18445
143 358667
165 259965
155 460207
136 9992
168 953796
178 755060
170 61160
69 109 1
77 202571
53 85 72
7 71719
94 19690
92 3042
96 270268
97 38087
173 4051
45 247617
135 801745
135 150589
137 95572
110 213825
115 226753
94 45229
92 429849
117 9551
92 327070
86 287328
109 247105
116 87645
119 451653
120 468700
86 141937
125 336242
91 217451
120 59787
110 108253
194 291059
5 317001
135 156689
132 166118
124 190737
98 464929
93 43203
125 266905
174 393426
33 243484
104 512392
110 8931
119 58491
108 6421
94 35799
181 31895
22 28287
128 175901
87 575779
115 424311
12 91645
123 131371
101 604522
91 34424
93 800790
93 801890
107 23813
128 319619
111 74832
128 401974
98 693918
116 71745
133 583371
97 620345
110 129920
129 256033
110 74657
102 7948
101 106474
110 455883
105 438321
119 56396
101 378606
114 285552
92 21136
94 80015
26 20 100
192 94225
198 15112
192 365933
193 388919
191 24567
190 81524
195 605906
193 29300
190 30621
190 281305
198 167651
190 1817
191 561912
196 7529
192 87754
190 36860
190 476073
190 112951
190 134965
194 938543
192 194387
194 61274
195 179599
192 422622
191 148500
190 192351
192 266976
192 122427
191 903196
191 44763
193 590405
193 18832
194 447534
192 63685
195 324337
193 127429
192 312808
190 133222
192 92139
190 652849
192 2905
192 68793
190 206866
191 91222
190 480849
193 246954
191 303653
194 37330
194 73961
192 832925
193 473206
195 1865
195 430709
198 448058
193 190055
193 173133
193 37298
190 323492
194 110694
193 117031
191 2948
192 72462
190 114393
194 206451
193 15244
191 441973
190 55929
190 414518
195 177035
191 192781
190 513182
194 21774
191 47316
192 306806
198 14640
190 110240
193 58286
194 656495
191 203849
195 273285
191 128637
199 559184
190 276838
193 13419
190 549189
194 333702
193 93641
193 183046
195 88953
190 208344
192 493458
192 141524
191 35074
191 51703
190 630617
191 157869
193 31839
191 38109
190 21307
190 625927
28 60 100
4 1
85 1
85 1
69 1
81 1
88 1
130 1
73 1
140 1
25 1
73 1
90 1
126 1
137 1
45 1
83 1
161 1
61 1
79 1
70 1
146 1
24 1
88 1
126 1
17 1
149 1
70 1
64 1
86 1
75 1
65 1
73 1
149 1
79 1
73 1
79 1
76 1
69 1
63 1
62 1
173 1
133 1
7 1
62 1
187 1
1 1
19 1
75 1
67 1
62 1
132 1
111 1
164 1
163 1
64 1
65 1
82 1
71 1
141 1
80 1
144 1
25 1
71 1
96 1
66 1
157 1
69 1
72 1
138 1
163 1
22 1
133 1
154 1
23 1
86 1
131 1
100 1
61 1
86 1
73 1
121 1
133 1
6 1
19 1
64 1
138 1
7 1
79 1
127 1
21 1
132 1
5 1
72 1
192 1
95 1
10 1
131 1
21 1
155 1
73 1
20 20 100
200 1000000
200 1000000
200 1000000
200 1000000
200 1000000
200 1000000
200 1000000
200 1000000
200 1000000
200 1000000
200 1000000
200 1000000
200 1000000
200 1000000
200 1000000
200 1000000
200 1000000
200 1000000
200 1000000
200 1000000
200 1000000
200 1000000
200 1000000
200 1000000
200 1000000
200 1000000
200 1000000
200 1000000
200 1000000
200 1000000
200 1000000
200 1000000
200 1000000
200 1000000
200 1000000
200 1000000
200 1000000
200 1000000
200 1000000
200 1000000
200 1000000
200 1000000
200 1000000
200 1000000
200 1000000
200 1000000
200 1000000
200 1000000
200 1000000
200 1000000
200 1000000
200 1000000
200 1000000
200 1000000
200 1000000
200 1000000
200 1000000
200 1000000
200 1000000
200 1000000
200 1000000
200 1000000
200 1000000
200 1000000
200 1000000
200 1000000
200 1000000
200 1000000
200 1000000
200 1000000
200 1000000
200 1000000
200 1000000
200 1000000
200 1000000
200 1000000
200 1000000
200 1000000
200 1000000
200 1000000
200 1000000
200 1000000
200 1000000
200 1000000
200 1000000
200 1000000
200 1000000
200 1000000
200 1000000
200 1000000
200 1000000
200 1000000
200 1000000
200 1000000
200 1000000
200 1000000
200 1000000
200 1000000
200 1000000
200 1000000
21 22 100
196 1677
199 620350
191 445920
191 661429
191 114736
197 660359
194 124417
194 532536
192 24017
191 185889
192 189152
190 317732
195 152764
190 18108
192 121375
190 15423
195 59524
190 148180
191 637232
191 313846
195 4930
193 412320
196 55631
193 26092
194 283293
190 115214
190 270279
197 74298
196 427761
191 261258
194 232728
197 166188
190 101280
193 504811
193 127439
194 1232
194 172022
194 353058
191 77639
192 90483
199 14192
191 26602
190 339053
194 65904
190 244027
190 511837
192 18790
192 754099
190 403549
195 306433
190 133912
190 234896
195 236601
191 14644
200 781081
200 5102
192 256380
190 38603
191 470873
190 32021
192 164561
190 147832
192 15600
196 46849
194 645939
197 189413
195 145490
191 8947
190 185575
196 320939
190 557749
191 32719
191 274342
190 614322
195 595798
190 5669
190 21353
192 427094
190 69798
192 121549
192 58017
191 424243
196 40370
190 92145
193 107604
199 525693
191 7630
191 430101
192 185200
191 165898
190 305727
192 505033
190 9416
191 51675
199 101183
192 50296
191 77819
192 587384
191 133030
191 105812
109 20 100
7 45493
119 749492
33 66045
58 375496
17 536
13 154851
136 341870
7 93642
19 217414
6 92880
13 141225
20 108224
131 74146
22 220928
37 359199
31 254857
17 146739
60 285188
129 31192
77 356430
22 90105
33 16898
149 148701
103 227150
71 84367
21 531570
46 33916
16 429520
154 611630
13 63685
2 53066
36 77561
72 115560
9 373872
122 216526
97 160954
37 44694
91 608297
171 74965
12 1862
18 1703
12 345562
11 354630
2 4914
8 268075
25 1870
161 9352
2 45947
7 295013
2 871545
29 712520
21 112355
101 36859
14 50349
54 99752
110 882381
5 4584
2 667759
60 586347
95 100955
5 273499
43 959369
3 21952
100 350036
65 825633
105 466574
142 246062
98 145250
38 189024
17 152695
60 368127
37 236630
32 159157
136 9676
2 25369
8 290630
66 16902
1 699982
112 91185
8 70195
100 319345
23 184433
132 642758
11 75819
41 129226
6 546971
58 333549
116 11494
151 411182
137 416345
16 318334
5 303615
93 150222
53 205811
167 55519
3 21188
132 41555
55 132497
16 80671
3 6511
21 51 100
82 30118
63 169665
64 470078
65 482441
54 322985
66 54206
65 469646
141 58026
53 108697
115 500594
1 226202
69 502188
118 32116
2 731128
61 501363
141 541632
63 206555
143 212848
143 575354
161 188515
157 594842
110 344449
84 572707
11 519049
1 488546
54 523252
56 9298
18 167215
20 565845
108 135506
5 86407
108 702994
3 815034
122 57887
12 816080
59 365183
156 261060
21 63859
11 455181
125 928142
112 669374
4 927512
137 358004
121 508231
1 362181
67 39261
65 27964
67 775291
55 396157
103 361692
110 234716
25 60549
56 203048
136 722077
64 75914
104 271723
130 589900
7 472187
53 244103
46 446552
107 486438
10 585939
121 173925
11 125322
103 227094
4 288830
62 1967
64 44036
71 11075
122 14656
165 169380
16 6428
21 151998
105 13162
131 157649
52 6430
163 1344
1 27111
15 138217
7 508393
18 82610
110 590035
81 65322
53 31210
107 609315
4 45840
161 81388
5 392977
6 39591
103 287005
20 179507
52 73314
69 541366
62 523183
119 714661
3 712623
61 682
156 35585
93 68474
75 340002
23 32 100
23 1
49 1
81 1
85 1
81 1
101 1
5 1
84 1
109 1
43 1
34 1
41 1
15 1
11 1
45 1
3 1
3 1
28 1
65 1
137 1
130 1
6 1
29 1
44 1
82 1
79 1
40 1
131 1
22 1
20 1
55 1
8 1
48 1
17 1
11 1
13 1
8 1
15 1
35 1
12 1
21 1
53 1
69 1
138 1
92 1
59 1
43 1
40 1
65 1
53 1
22 1
15 1
1 1
18 1
90 1
45 1
93 1
52 1
74 1
11 1
34 1
107 1
49 1
14 1
1 1
164 1
44 1
34 1
21 1
4 1
3 1
19 1
50 1
65 1
39 1
7 1
31 1
87 1
3 1
94 1
191 1
33 1
9 1
98 1
14 1
11 1
107 1
50 1
5 1
97 1
58 1
168 1
7 1
50 1
10 1
85 1
3 1
13 1
11 1
159 1
20 57 100
21 2
23 1
21 1
26 1
30 1
27 1
30 2
25 2
26 1
26 2
25 2
30 1
22 1
22 2
21 1
25 1
26 1
37 2
21 1
21 1
29 1
22 1
30 2
21 1
24 2
31 1
29 1
29 2
26 2
30 2
23 1
21 1
23 1
23 1
26 1
21 2
27 1
32 1
24 1
30 1
23 2
32 1
23 2
24 1
22 1
28 1
21 1
21 1
22 1
22 1
21 1
26 1
24 2
22 1
38 1
31 1
24 2
30 1
22 1
21 1
23 1
35 1
29 2
27 2
21 1
34 1
23 1
21 1
29 2
23 1
33 2
29 1
25 1
22 1
34 1
23 1
23 1
33 1
30 2
27 1
29 1
23 1
25 2
26 1
29 1
34 1
22 1
40 1
32 1
22 1
33 1
22 1
21 2
22 1
24 1
22 1
37 1
28 1
25 1
24 1
20 134 5
22 1
56 1
86 0
99 0
104 0
46 102 2
67 51869
93 438546
22 166 7
38 1
96 0
77 2
98 2
112 1
140 0
158 1
74 26 100
10 139387
43 82652
170 287353
130 100365
63 249710
16 116335
66 187185
2 158122
168 65909
10 153797
3 266930
53 223831
32 222031
28 61706
64 54511
95 7323
43 291120
63 326162
14 31295
5 505831
17 845607
102 235059
19 410546
113 12113
39 257853
60 259109
100 128705
61 122896
73 4408
137 273208
74 620330
14 95534
97 3257
100 120793
90 58351
131 43827
83 491600
32 42190
85 406973
135 173870
155 88468
23 172777
39 23807
99 26092
110 576964
38 2211
5 204249
93 86575
171 222933
171 397334
9 81269
96 125872
60 280362
40 96929
135 192931
9 83118
34 535495
132 162945
71 219106
3 110859
5 188195
78 184029
8 524635
48 253607
10 276120
23 1798
28 75914
57 366470
43 16294
53 223167
103 116599
28 19177
24 435443
56 682211
14 344057
4 308156
67 2420
50 58998
22 20991
2 237657
20 33508
58 19665
16 108821
58 198145
32 200032
18 53925
33 70649
77 105644
68 91169
30 6468
26 414595
28 28042
36 20219
50 27848
2 736369
42 15158
31 660257
94 113753
46 347727
86 423263
45 140 2
47 0
111 1
63 69 100
97 21229
3 98645
75 291482
147 99183
19 373650
106 144232
74 286665
82 896363
187 4848
80 268565
45 15281
99 224465
80 688548
74 625396
157 438995
4 223379
86 406109
112 3551
106 239046
108 427853
91 35072
144 437856
103 34457
14 199646
198 640880
18 140798
127 8533
86 529005
106 34031
131 294242
173 791840
63 489994
149 244297
145 41685
3 18087
5 302892
86 205062
76 5440
128 445831
90 48913
142 667135
71 29634
9 82581
108 72959
125 554
84 185275
153 120413
8 398997
123 860276
127 100927
131 143931
97 151658
148 4941
5 498643
101 15086
2 51644
122 187786
88 23539
97 291418
148 796814
43 152175
143 255637
1 29124
111 109712
116 512234
81 466189
102 659493
179 81105
78 639365
3 877426
82 20864
89 247206
113 156605
96 795180
82 195448
77 380505
113 53866
94 230438
76 308849
130 211553
78 420312
109 309464
96 267795
131 291532
123 83318
139 294916
89 97796
24 46183
103 487886
85 3582
75 511573
72 833410
163 572761
124 409479
52 96085
100 347033
108 47775
118 106290
148 26002
16 667589
27 131 2
28 1
59 0
43 154 3
55 0
93 1
148 1
45 70 100
139 74885
94 355355
154 283422
133 80167
92 9268
85 118338
108 415288
76 202840
82 29344
165 65034
94 86113
71 27140
34 3461
104 185023
181 744937
2 353069
104 120714
158 32682
1 465
153 192570
95 66677
19 166146
111 171063
76 911192
105 360328
112 58551
114 493431
182 163971
10 327413
99 40088
110 104447
83 205205
150 49674
126 76764
152 244122
121 291443
97 418295
89 492436
77 125662
101 510913
71 190881
79 28901
163 269873
20 4015
72 116921
80 131616
82 31606
86 193252
112 107275
151 722508
1 496151
92 364207
154 527644
6 10495
75 74526
62 343686
110 167435
148 275185
44 42345
92 473563
78 127534
82 655218
109 270843
79 573724
114 87913
152 275437
25 595844
97 350276
86 89741
72 333785
96 129263
163 394402
10 11739
145 407178
36 91305
115 348700
100 289936
89 424606
100 4399
77 27360
84 177092
153 246697
32 87762
172 703430
95 210952
90 1705
10 169344
79 445598
72 246521
115 769680
99 17
104 167938
80 82028
147 154349
76 4398
138 18732
88 150267
148 469573
171 550671
13 48136
58 28 63
109 1
131 0
42 0
17 1
5 0
24 0
56 0
89 1
63 1
82 1
6 0
2 0
45 0
3 0
14 1
197 2
150 0
43 0
9 1
10 0
3 1
99 0
11 2
48 2
2 2
113 0
60 2
146 0
13 0
135 0
53 0
74 0
67 1
55 0
60 0
138 0
126 0
118 1
29 0
62 0
65 0
42 1
2 0
46 1
44 0
81 1
112 0
103 0
81 0
4 1
49 0
178 1
17 2
14 1
21 0
70 1
100 0
13 1
42 0
46 0
7 0
90 2
82 0
24 20 100
190 380386
196 296716
194 193847
192 51517
190 3301
196 10498
191 652441
193 176988
193 157296
193 397190
192 61883
190 15608
190 482487
192 130453
190 29569
196 84671
195 186205
191 154249
196 799263
194 107681
191 323666
196 543677
191 118224
190 85777
198 422665
197 325702
191 121556
190 218774
191 171081
197 404630
198 479993
197 124793
190 77078
193 355345
190 172111
191 604604
196 377148
190 239057
194 700829
190 447998
192 35978
194 124145
191 178734
190 293795
191 755611
192 31504
190 126460
190 8205
192 188242
191 456919
191 509878
192 214042
191 209509
190 37835
190 321845
191 112365
198 246452
194 344391
194 68441
190 13367
193 121
190 659857
192 670580
194 110630
191 145827
191 475689
190 341
192 632140
194 88166
194 426391
193 124002
190 262197
191 317432
194 7581
196 468955
190 431824
194 6131
192 231113
199 12708
192 407750
190 206602
190 5287
199 298829
191 217718
196 77468
191 95369
192 112734
191 3815
198 281889
192 12255
193 293391
193 355633
195 219050
192 275016
197 828954
194 382284
192 408829
192 533315
190 83210
190 67594
70 83 73
152 204554
8 41228
144 211603
89 118135
126 369206
104 77628
96 872360
95 419179
94 214366
104 245891
90 199682
113 7844
106 21432
95 20818
100 249354
112 588055
130 239042
123 8281
109 900872
114 191680
135 30282
126 171617
100 153619
139 601609
115 297999
110 6370
125 260542
139 374619
107 39800
96 486116
129 31707
93 95234
107 71663
97 194270
132 7056
120 78275
108 129398
112 56335
112 399087
169 156857
93 74449
19 3694
112 24447
92 165172
90 712616
111 451825
139 92249
93 790049
86 363756
173 421903
119 487894
52 710372
136 13777
119 292374
149 4673
145 86172
114 59732
119 63748
104 207072
132 264580
90 3883
66 37647
88 38466
119 342409
84 242153
143 21101
95 12260
144 39128
119 779687
187 217571
21 203641
139 362521
112 68745
22 20 100
198 254166
190 189916
191 94342
192 62836
192 145673
193 321718
190 96266
192 165057
192 497654
195 201629
194 485181
190 179531
194 60397
198 75737
198 325600
190 612008
192 585979
196 207061
195 559163
194 220710
190 234645
194 316683
190 750319
196 414364
191 152162
190 234430
191 450609
192 316272
190 63472
194 177897
191 397946
195 394807
195 847895
195 193094
192 26166
192 197913
191 644515
191 150413
196 369348
200 174311
196 811733
190 267058
193 568353
191 28855
190 283951
191 476822
191 403026
191 24456
192 625565
192 1827
190 538119
193 180209
195 205433
193 32727
190 294752
192 344701
192 654669
194 27783
192 83352
192 134878
195 94169
195 197756
190 209226
190 133715
191 575766
196 671725
193 475032
194 70524
191 159959
193 94289
195 70739
190 374542
190 289436
190 112660
194 336045
192 219514
196 117929
193 17501
198 63784
197 464568
190 185039
190 281967
191 78747
194 85086
191 478426
192 599334
193 352846
190 522831
190 139978
190 116293
190 189714
198 133879
195 404560
197 79964
191 63629
196 449156
192 26438
197 2220
190 86753
190 525420
59 53 29
52 0
46 0
71 0
71 0
25 0
11 0
11 2
98 0
65 0
61 0
1 1
2 0
57 0
28 2
12 0
21 2
115 0
45 0
12 0
33 2
62 0
67 0
12 0
87 0
56 0
11 1
16 1
10 0
91 0
32 60 93
1 8542
83 710932
135 5910
18 336148
131 30792
66 303242
27 170283
157 64539
147 91487
158 749138
3 69351
140 74587
18 340305
76 95415
83 327232
78 907488
121 10704
10 62520
158 138508
125 614383
7 729918
159 303330
191 81639
58 52162
177 295339
84 103509
166 179721
61 101322
84 47720
140 245484
69 544578
10 225798
132 371610
68 703455
113 137106
68 610953
186 705653
7 430804
68 95534
1 277455
85 168056
79 715710
91 13550
69 72374
67 786518
132 166352
6 40414
83 61856
78 384209
77 151260
66 32014
79 32332
90 168181
82 358506
64 176634
147 189460
2 317623
74 362550
88 647299
168 11786
66 14092
69 161458
144 660248
67 54278
32 195988
74 286805
133 833
9 158634
69 7492
72 542378
69 79770
82 107587
73 208927
70 11736
158 101739
161 229753
77 185711
16 736700
61 49005
129 332643
3 140655
157 42468
73 255623
75 140543
90 171619
79 492377
138 327355
12 235899
152 212406
143 182809
3 543780
29 44412
87 322347
43 28 100
161 1
77 1
71 1
12 1
42 1
12 1
135 1
20 1
152 1
22 1
83 1
15 1
83 1
53 1
26 1
87 1
156 1
47 1
3 1
85 1
38 1
93 1
11 1
19 1
4 1
60 1
113 1
5 1
30 1
39 1
34 1
5 1
19 1
20 1
25 1
91 1
2 1
48 1
56 1
16 1
1 1
31 1
34 1
52 1
38 1
20 1
84 1
100 1
13 1
30 1
23 1
107 1
9 1
33 1
44 1
107 1
36 1
172 1
100 1
18 1
138 1
64 1
25 1
24 1
53 1
130 1
144 1
142 1
60 1
86 1
15 1
19 1
138 1
134 1
180 1
23 1
88 1
24 1
38 1
25 1
5 1
21 1
3 1
44 1
20 1
141 1
1 1
105 1
78 1
187 1
173 1
116 1
32 1
18 1
36 1
2 1
174 1
32 1
17 1
1 1
26 76 2
29 0
63 0
43 44 52
115 1
1 1
11 1
66 1
115 1
23 1
154 1
4 1
34 1
97 1
3 1
86 1
98 1
14 1
74 1
55 1
50 1
89 1
54 1
45 1
55 1
7 1
84 1
76 1
65 1
97 1
135 1
51 1
4 1
8 1
3 1
62 1
81 1
63 1
130 1
8 1
134 1
107 1
12 1
62 1
31 1
44 1
49 1
159 1
29 1
111 1
1 1
51 1
14 1
73 1
80 1
141 1
23 22 100
191 230677
192 138562
192 89548
193 62539
194 392078
191 191936
190 219801
200 379206
198 52907
193 235966
190 277551
190 324054
192 60142
199 156109
190 19044
192 136140
198 91058
192 28917
192 199263
190 3516
195 52664
192 46924
190 5209
190 71882
190 146220
193 820442
194 117804
191 423
190 24272
193 96846
193 411781
195 6806
190 153930
191 410071
192 131761
192 78908
193 197458
194 891720
194 460961
192 400177
194 312609
191 77579
196 27652
190 219580
194 478285
191 194014
195 261123
194 88757
190 125955
194 31978
190 220284
193 25998
190 339473
199 27663
194 117253
194 126236
193 426154
190 37312
196 453258
190 423803
190 191147
190 116706
199 733799
190 801536
196 451627
192 208503
191 84937
190 503055
190 198532
197 118039
192 44110
190 278984
190 93288
192 777456
192 257964
192 64797
194 180121
190 34773
191 49400
195 65759
191 141919
191 60688
196 467777
190 268796
191 355981
195 62068
191 189221
190 130681
194 63890
190 100679
192 274156
191 143963
190 179500
190 315363
190 83703
192 529956
193 144297
190 233440
194 156084
198 242558
25 22 100
190 183548
190 338769
191 675289
192 346830
197 804750
190 573840
190 672837
190 134080
192 128731
190 198770
198 301297
195 1750
195 108805
191 171733
190 105410
196 63513
199 93989
191 841669
190 738685
191 202847
198 455112
199 572993
191 582342
190 181551
191 235834
198 362499
190 546107
192 237403
197 12894
190 29502
190 259020
190 261055
190 49750
195 189745
195 245001
190 522182
198 226901
196 744666
197 96899
190 574630
190 159523
191 11730
195 272853
193 324766
196 666670
194 367790
199 154191
196 357462
193 375914
194 30303
191 77406
190 902450
193 719565
191 348362
191 15393
190 306475
190 959428
193 285529
190 64555
191 480163
194 247314
195 38118
190 256493
197 762527
192 586491
190 6675
190 454420
193 328087
190 480327
192 250057
193 537020
190 30199
192 682524
190 533263
198 739112
193 562361
190 597141
194 82977
193 135476
198 404484
190 39421
190 352
193 254701
200 31562
192 120097
191 527529
192 146292
193 102188
195 12694
193 214881
190 628464
190 420562
191 244248
192 65787
192 307518
191 223700
198 541765
197 81455
195 121180
192 208312
91 103 1
95 0
34 78 2
54 0
69 0
69 97 100
160 180998
56 334281
119 74172
111 263525
125 23862
113 150758
109 270747
104 44944
98 16891
120 331808
98 254700
102 36077
162 1840
108 458550
108 716327
109 207402
101 196433
140 309963
107 346289
109 151137
107 64459
122 29279
122 91259
140 271957
126 409352
138 213084
126 82925
157 775739
127 453879
149 438401
146 403350
115 8184
108 13895
162 173237
144 116818
134 512674
118 83499
133 712061
143 497352
105 34527
107 231462
108 483958
131 568594
135 99874
125 807544
98 265918
131 312888
116 10451
111 565298
101 209508
125 503944
132 468023
106 138924
141 145818
111 184016
72 688128
112 410687
156 10541
104 283278
134 70252
160 284715
101 345533
131 46033
118 34070
100 250897
138 24494
107 18539
105 170450
104 365880
122 802458
108 22231
109 658586
118 2102
98 279424
113 140477
121 465647
153 219392
149 579450
155 130926
126 690954
99 138266
102 11737
138 70773
124 295614
121 380
123 402999
143 207126
115 242404
122 168373
104 31149
101 323663
162 645898
163 254170
130 73087
148 243193
104 341144
128 174116
123 75441
158 97356
99 51748
24 22 100
190 188672
192 2957
194 136506
191 5913
190 126630
191 232572
193 343579
200 202704
190 364914
190 42618
190 195690
193 394934
193 399326
190 203921
194 68300
194 433137
191 452848
190 156864
190 707596
193 527
195 1811
191 647181
191 27005
192 169571
195 313778
192 8563
197 108857
191 212576
193 44348
194 215395
190 399988
190 121731
191 16762
197 421717
194 262516
198 394596
192 177823
192 58315
190 121876
193 56763
190 183806
193 62461
190 12732
194 646228
190 8888
194 147722
191 151542
190 5592
194 38374
193 16377
192 189607
191 23187
192 31663
193 882651
197 63540
190 449716
191 2339
190 4672
192 8519
190 285976
191 137935
190 7654
190 364223
190 15593
191 29650
197 164590
192 203954
195 795893
192 5304
192 2459
192 26344
192 498639
192 201441
191 257045
191 288263
190 400142
192 852330
191 115480
190 165494
191 63273
198 106053
195 384379
192 312547
192 118878
190 412167
190 383385
190 518150
191 258122
194 1258
197 12934
192 345655
190 53097
192 279458
199 9459
196 645153
193 131778
190 553484
195 678801
190 775666
194 262504
23 133 5
34 0
47 0
96 0
97 0
117 1
40 66 32
37 0
14 0
1 0
49 0
86 1
144 1
36 0
5 1
94 0
78 0
4 0
92 1
8 0
90 0
8 0
56 2
34 0
65 0
76 0
63 0
107 1
19 0
104 0
27 0
42 1
65 0
100 2
3 2
1 0
8 0
6 0
91 0
32 49 61
56 196033
8 620
162 58309
7 132517
4 236313
113 219225
72 460460
4 164332
138 459110
112 122654
90 284720
170 41569
150 13591
5 19522
19 634254
48 28495
153 56361
184 43876
67 45824
28 316262
82 599726
114 356973
13 18057
7 640859
72 366892
55 110635
74 354231
114 196217
140 138885
2 346636
119 123060
108 239690
64 68230
41 506506
104 39318
1 63664
55 196415
79 707715
145 77654
65 430027
133 29838
51 759424
26 274694
126 693899
72 17644
12 34850
144 675232
142 247719
109 241338
69 543129
54 390947
118 7679
106 136798
45 300446
15 353700
77 85230
123 14756
17 35092
99 14519
160 666447
12 500806
57 51 1
22 0
41 88 2
58 469769
83 47076
59 113 100
33 0
111 0
125 0
30 0
37 1
78 0
11 0
24 0
4 0
105 0
44 0
62 0
93 0
96 0
63 0
8 0
2 1
1 1
21 0
18 0
5 0
25 1
23 0
5 0
156 0
2 0
75 1
52 0
94 1
140 0
16 0
4 0
43 0
5 0
3 0
121 1
38 1
154 0
63 0
105 0
27 1
186 0
103 1
1 0
17 1
170 0
61 0
36 1
4 0
139 0
71 0
28 0
98 0
7 0
87 0
31 1
50 0
66 0
7 0
43 0
48 0
10 0
28 0
146 1
108 0
33 0
36 0
109 0
35 0
51 0
79 0
30 0
118 0
21 0
30 0
4 1
38 0
2 0
180 0
10 0
143 0
31 0
2 1
10 0
114 0
3 0
34 0
13 0
63 0
51 0
131 0
24 1
31 0
139 0
108 0
1 0
14 0
106 0
7 0
1 0
52 157 2
80 0
110 0
26 21 100
191 251678
198 65949
192 140122
199 3233
193 99028
197 387689
190 7145
194 720500
194 10340
195 58339
190 344950
196 706710
194 11559
199 290715
197 256839
193 250919
193 413750
191 369434
193 8002
191 827784
191 98325
196 921981
196 279340
192 162246
191 332209
192 263773
192 79867
191 190780
190 390466
190 173012
193 474672
190 566641
192 429030
198 625094
190 479185
191 66685
190 358752
191 420848
195 2470
192 12237
193 45039
195 36934
195 121770
191 77922
194 3332
192 11725
192 117942
190 578110
192 585015
192 295865
192 20254
190 442132
191 260604
193 82027
190 13277
191 380311
193 875945
190 50400
190 519802
195 5557
197 117998
190 95468
193 62287
197 218666
197 25180
191 217104
190 157513
190 17912
190 420809
190 478795
190 107169
194 484780
191 233701
192 130739
191 650873
191 905750
195 303219
195 359892
191 111938
195 6171
190 150233
191 20720
190 751957
195 260046
200 199041
194 398954
193 431275
192 170466
194 90926
190 229548
190 427593
193 10948
194 174018
197 86975
197 133960
198 565384
193 86162
190 69755
190 518705
196 261887
49 43 78
36 446358
68 88075
169 792680
101 762466
138 560052
35 288605
171 331983
6 54799
26 267147
128 126399
57 113073
13 428267
47 219526
92 105286
7 423081
10 28876
11 368833
14 179180
72 44926
168 63046
63 250534
102 168402
5 235766
108 392859
30 157422
5 12172
59 647788
8 17000
45 221992
33 477903
64 536130
73 629237
51 392465
54 458687
144 588020
22 27882
62 531571
1 433872
47 215615
1 25160
65 191760
71 111060
90 6813
178 80712
167 15943
39 78594
43 459689
22 96327
103 18032
98 26581
36 49123
115 553999
55 153608
18 91786
6 89622
60 2557
56 27665
10 309348
16 203930
2 5579
75 253299
104 199898
10 107517
132 124042
116 60344
2 181978
32 116126
74 281480
100 29939
129 300136
14 169051
82 188486
152 185731
113 150192
3 68905
27 202584
31 33527
3 12444
68 43 100
98 1
40 0
31 1
121 1
1 1
63 2
92 0
70 0
34 2
73 1
144 0
38 1
28 0
52 1
67 0
73 0
73 0
60 1
61 2
62 1
56 0
70 0
92 1
61 2
66 0
27 1
59 1
101 0
20 0
72 0
75 0
99 0
61 1
10 0
54 0
53 0
77 2
96 1
121 1
46 1
38 1
39 0
50 0
62 2
72 0
168 0
4 0
30 0
109 1
39 1
63 0
44 0
59 0
81 0
44 0
130 0
27 0
123 1
3 0
1 1
104 2
38 1
125 0
61 1
63 0
58 0
38 0
80 1
57 0
142 0
22 0
155 0
14 0
94 1
46 0
63 2
118 0
87 1
31 1
73 0
154 1
65 1
50 1
38 0
143 1
1 2
17 0
24 1
88 0
126 1
1 0
66 0
24 0
20 0
3 0
136 0
64 0
61 1
24 0
60 0
55 24 100
41 0
116 0
100 0
40 1
30 0
54 1
18 2
9 1
67 0
114 1
55 0
4 0
1 0
44 1
63 0
36 1
6 0
15 0
27 1
148 0
46 0
51 1
63 1
29 0
46 0
11 0
19 1
135 1
52 0
4 1
55 0
35 0
3 0
12 0
88 0
22 0
68 1
5 0
25 0
104 0
71 0
8 0
61 0
3 0
46 0
15 2
12 1
68 0
52 0
39 1
72 1
63 0
3 0
50 2
18 2
43 0
167 0
8 2
20 0
47 0
27 2
30 0
102 0
3 2
20 0
40 2
74 0
49 0
28 0
160 0
30 2
25 2
64 0
5 1
6 0
81 0
8 0
1 0
9 0
20 1
31 2
28 2
35 1
127 2
20 0
52 0
37 0
2 0
4 0
20 1
65 1
6 0
41 2
35 0
17 0
59 1
38 0
45 0
52 1
134 0
46 44 53
11 1
20 0
19 0
26 1
89 0
20 0
144 0
30 0
2 1
115 0
60 0
30 0
71 0
35 0
103 0
19 0
76 0
168 0
4 0
2 0
72 0
45 0
32 0
42 0
14 1
34 0
108 0
95 0
3 0
18 0
1 0
84 0
2 0
52 1
27 0
159 0
49 0
143 0
35 0
7 0
58 0
15 0
66 0
148 0
1 1
14 1
15 1
13 0
101 1
134 0
16 0
29 1
10 0
27 104 100
33 1
31 1
28 1
28 1
29 1
30 1
35 1
42 1
40 1
31 1
31 1
44 1
29 1
28 1
28 1
29 1
46 1
32 1
33 1
34 1
37 1
32 1
32 1
38 1
28 1
37 1
28 1
28 1
48 1
44 1
40 1
46 1
49 1
30 1
36 1
29 1
31 1
32 1
31 1
30 1
28 1
32 1
30 1
36 1
29 1
29 1
28 1
46 1
32 1
32 1
32 1
28 1
28 1
40 1
33 1
35 1
31 1
28 1
36 1
30 1
28 1
31 1
32 1
32 1
28 1
31 1
43 1
31 1
38 1
30 1
36 1
46 1
29 1
32 1
34 1
32 1
36 1
33 1
41 1
44 1
32 1
28 1
28 1
28 1
37 1
36 1
37 1
38 1
30 1
37 1
46 1
46 1
32 1
38 1
36 1
42 1
31 1
28 1
34 1
29 1
20 50 2
10 2
80 1
45 64 57
15 323234
67 58127
90 474418
153 33478
1 9913
156 157555
26 24487
87 456777
105 85904
82 2252
82 633114
69 38318
94 34382
75 456487
109 231034
91 61451
87 195943
156 513451
40 225695
131 120070
103 310353
22 79205
91 148961
107 31085
131 133225
88 55883
81 155134
103 266954
4 275465
138 312154
115 65618
133 144967
66 61675
36 75986
109 66594
65 368158
105 710061
135 85315
10 750391
82 112189
169 562544
32 161426
71 50927
148 29848
99 33627
19 214148
136 45088
143 416211
75 37721
1 108163
37 83787
178 45805
137 54460
131 97812
60 626420
79 137101
76 605579
25 20 100
194 92231
193 371423
192 2450
192 410196
191 115302
192 425251
195 229282
195 78933
190 33808
196 173127
196 470724
193 378253
194 535087
190 61077
190 411935
191 263841
195 142032
198 450463
190 452274
193 250527
192 19642
190 162449
194 99658
197 544163
195 165136
195 337292
192 603091
190 159008
192 169078
190 182478
194 227063
190 616672
198 472938
193 479591
192 5156
194 137148
198 644400
190 816031
190 5741
194 586310
192 83528
190 138711
190 45923
200 2819
193 484613
190 269800
191 77369
193 99395
191 56914
196 30564
191 534371
190 159414
196 336293
191 172073
195 68934
193 478331
191 549258
193 150707
194 34213
199 178070
190 103532
190 857996
194 103348
191 500
191 608025
190 33334
190 323652
192 83899
191 61416
191 535504
190 75343
191 215213
191 378960
191 9324
190 34384
193 40576
192 48957
192 305875
195 27526
190 5477
194 130871
191 462834
190 521156
194 811107
190 257330
191 191368
196 135346
190 918201
190 16262
192 53299
194 130663
193 3213
191 125721
198 39392
197 62428
193 463876
190 275506
192 374
192 298898
192 52693
58 77 68
39 1
127 1
104 1
79 1
81 1
83 1
88 1
102 1
123 1
95 1
95 1
160 1
4 1
184 1
53 1
84 1
100 1
96 1
179 1
49 1
116 1
97 1
81 1
103 1
81 1
89 1
167 1
85 1
7 1
81 1
133 1
92 1
98 1
163 1
5 1
123 1
165 1
25 1
96 1
107 1
91 1
37 1
84 1
97 1
92 1
109 1
84 1
107 1
94 1
78 1
123 1
112 1
103 1
79 1
118 1
171 1
1 1
125 1
110 1
96 1
99 1
161 1
3 1
184 1
154 1
127 1
102 1
124 1
143 96 76
29 677048
111 83334
105 251
97 47254
106 338943
137 32157
103 318406
132 129196
107 106745
97 782338
157 479612
135 12417
98 498971
122 74459
120 190852
128 101393
149 17161
105 148448
102 102866
168 508427
112 7021
97 405719
163 114586
163 7774
106 323705
155 643883
141 33316
126 564942
120 44779
179 185711
110 728135
110 90175
102 178982
120 4718
116 127123
168 172113
177 310796
112 590129
6 41578
153 557378
135 247526
103 722893
172 275570
99 202473
121 216253
161 28642
109 69171
178 2783
132 8645
118 260977
169 34073
180 215246
164 11243
171 567409
140 406179
184 309156
151 173391
131 30873
102 22830
101 92408
136 726726
164 20918
109 298937
132 99704
113 457472
98 356003
134 351233
190 103939
131 7816
149 2099
164 297459
134 83029
112 352979
128 700057
152 21204
139 431766
20 67 15
47 0
99 1
20 0
35 0
106 0
121 0
14 0
57 0
85 0
36 1
6 0
34 0
127 0
20 0
10 1
21 53 12
45 1
92 1
104 1
86 2
16 0
107 1
51 0
62 0
82 0
149 0
100 1
52 1
24 21 100
195 338442
190 63727
190 145084
193 104147
191 400472
193 2301
194 412475
191 129699
190 87996
192 264813
191 127277
190 481445
190 159814
190 222657
192 232226
197 190519
191 110477
190 476494
191 167843
195 169193
190 295443
191 25967
190 5265
197 31323
193 360373
196 193742
190 502053
191 380935
192 919609
195 429490
193 147503
196 84720
195 560135
193 251475
192 287542
193 10217
190 801668
192 726516
190 120746
190 60447
192 214503
190 353205
193 275146
195 219493
194 591288
190 120473
197 219941
194 323378
191 570360
190 143817
190 29341
195 88509
192 752170
190 194751
193 211062
193 497142
192 91867
193 211888
194 95517
193 294269
192 121809
190 15396
192 503233
191 166161
192 42335
192 92778
198 204097
196 231535
191 76443
192 683070
190 381767
190 453602
191 95146
191 210865
193 161707
192 45516
195 18795
193 29567
196 3451
195 127354
197 170801
191 152736
190 710780
193 563456
193 21302
191 334714
190 49160
191 110664
190 966976
193 18132
190 358820
190 214328
190 78917
197 126918
192 580285
193 667769
190 177752
194 552136
193 36064
198 100155
98 100 100
176 0
14 1
103 0
136 0
166 2
140 1
114 0
116 1
134 1
108 1
112 2
115 1
129 0
167 2
136 0
127 2
128 2
154 0
114 0
162 1
131 2
160 1
101 1
138 0
145 0
117 0
109 0
161 0
104 1
140 1
121 0
164 0
118 0
166 0
180 1
122 2
170 0
146 0
132 2
102 1
127 0
187 1
172 0
126 0
126 1
111 1
137 2
116 0
113 1
117 0
139 2
106 0
180 1
135 0
106 1
120 2
144 2
117 0
113 0
122 0
186 1
141 2
120 0
163 0
101 1
161 0
146 2
147 0
160 1
102 0
165 1
105 0
108 1
134 0
123 0
122 2
186 1
153 1
120 0
164 0
123 0
146 1
140 1
119 0
171 1
118 2
112 2
137 0
135 1
163 2
158 0
125 0
122 1
140 0
101 1
128 2
149 0
151 1
101 0
156 2
25 21 100
193 189361
190 251017
191 36482
191 170107
200 17233
193 453553
190 199781
191 414211
191 150854
194 300296
193 103047
190 448845
196 421030
193 35852
190 258950
190 407685
192 433835
194 71426
195 49921
196 555
191 131665
190 74792
192 39925
196 572582
194 497498
192 2892
191 265484
194 36260
192 34465
193 579637
190 66863
196 30721
190 117350
192 7690
192 320173
195 36293
190 265514
193 3811
200 152946
196 867062
196 744183
197 61554
191 694911
194 49676
192 362452
192 483749
192 8659
194 191283
194 19405
192 44816
191 404732
191 390156
193 76458
194 497697
197 108814
192 411429
190 733407
192 785490
191 133685
190 330213
190 27326
191 585095
191 144895
196 661951
190 57975
192 188989
197 723652
190 253545
192 20984
191 158910
193 141311
193 354370
190 45253
193 115930
191 63510
190 106257
193 295815
192 39706
193 348726
194 59538
195 789122
192 127519
195 739436
191 85015
194 528335
192 725815
193 373559
191 180188
194 428540
198 220828
191 138887
194 585789
193 125409
191 468882
194 68808
190 606910
194 386783
192 54913
195 250679
190 108720
20 22 100
193 28858
195 241818
195 679983
198 167827
195 29877
190 76045
192 143499
194 229481
190 139279
193 77927
194 606820
192 15432
193 330929
196 17726
193 288934
191 178387
190 331920
190 48239
192 895052
198 380241
198 402436
190 154330
190 252276
190 103809
193 3266
190 444947
199 19281
191 159974
195 795438
192 523607
199 447652
192 180829
197 577098
190 264
191 43806
193 309436
190 145412
191 26853
196 632
193 754769
192 128820
191 48167
191 70862
190 80996
190 184618
192 145909
190 435580
191 24699
190 450006
190 67512
191 435430
195 319676
197 61475
190 714742
192 48561
190 77194
190 672281
199 59464
191 305726
190 32548
191 623074
192 227319
195 561875
195 448119
191 215507
197 198149
194 501971
191 9303
194 43683
191 624912
195 749163
193 28317
190 819346
192 129023
194 59113
195 406323
195 104936
196 314810
193 201705
195 253488
194 638981
191 482724
191 712052
192 314898
197 77639
197 30595
196 285912
191 37350
193 93385
191 780137
190 116125
196 347740
190 7
192 121710
197 479168
190 195981
193 307905
190 758598
195 434052
190 707462
20 20 100
193 106842
190 485829
190 450904
190 91456
194 558331
197 348211
192 105776
192 8799
190 375250
192 478495
192 407220
191 377345
197 473750
192 28795
191 268048
190 25027
191 2746
194 179947
190 367846
190 677067
191 443645
190 592803
194 219795
191 54294
192 413600
199 143107
191 214928
191 167445
193 3721
197 62619
190 397506
199 539335
196 140986
192 200568
191 381277
190 220542
195 190309
192 59886
190 4197
191 600300
191 5327
196 137078
190 137654
192 394399
195 178734
192 4739
198 116205
191 231055
195 41123
190 446123
194 37009
190 352360
190 31720
192 83774
190 17927
190 311373
193 75390
190 149156
193 197023
190 51305
191 640874
190 546283
190 172673
191 173203
192 485347
194 362996
196 771028
191 631394
197 397161
191 353399
190 135357
192 228314
190 200663
190 312833
198 21736
194 108245
194 190520
193 887456
190 618008
195 32352
190 155815
197 568831
192 560490
191 530122
195 572377
192 177582
190 79698
191 122766
191 10740
193 198976
191 33117
190 201851
190 310126
195 125351
200 714988
190 93057
191 107961
194 442964
191 436354
191 293841
149 151 1
150 0
33 73 67
8 1
171 1
2 1
84 1
87 1
189 1
105 1
95 1
80 1
80 1
100 1
103 1
104 1
164 1
172 1
43 1
98 1
153 1
3 1
75 1
97 1
93 1
85 1
92 1
92 1
83 1
78 1
171 1
18 1
87 1
100 1
82 1
100 1
106 1
85 1
82 1
106 1
79 1
86 1
107 1
84 1
4 1
147 1
82 1
158 1
37 1
99 1
172 1
13 1
161 1
122 1
105 1
173 1
76 1
116 1
187 1
82 1
87 1
78 1
184 1
99 1
82 1
79 1
100 1
168 1
77 1
4 1
27 31 65
70 178373
93 568805
39 3433
39 845759
28 515594
85 247441
127 245752
45 278635
159 207538
121 751672
11 33985
31 479487
1 572207
28 408644
135 528513
86 185348
21 6135
5 135560
36 264176
19 631972
56 2745
46 220361
37 46324
35 192999
122 212354
39 554437
10 648072
1 39239
2 6930
3 174900
20 222184
54 69718
78 396086
29 208930
132 796915
113 270068
45 32501
4 383657
10 2782
7 112313
4 571143
140 189641
50 55737
13 361090
127 352586
55 466352
85 574314
93 347323
17 9950
116 318165
39 1042
9 162586
7 276565
22 170497
3 387716
27 6577
43 613182
3 199099
32 410462
5 104253
144 36342
1 898754
77 132099
10 22963
76 119147
69 122 100
160 1
37 0
166 0
158 0
133 1
134 0
161 0
125 1
158 0
135 0
138 0
165 1
156 1
125 0
135 1
134 0
157 0
142 0
165 0
172 0
143 0
158 0
123 0
128 1
178 2
154 0
169 0
183 0
142 2
155 0
163 0
138 0
157 0
161 0
136 0
157 0
125 0
163 1
142 0
137 0
145 1
140 0
137 1
170 0
127 0
164 0
124 1
132 1
151 2
141 1
124 2
187 1
147 0
175 1
152 1
156 2
165 0
145 0
124 0
163 0
190 0
130 0
148 1
130 1
132 0
170 0
154 1
154 0
177 0
157 0
123 1
136 0
165 1
126 0
138 1
127 0
129 0
144 0
167 1
124 0
131 2
138 2
187 0
128 1
145 0
123 0
173 0
138 1
154 0
123 0
143 0
167 2
190 0
182 0
140 0
159 1
154 1
144 0
142 0
124 1
23 21 100
190 406682
192 147867
196 756718
198 376880
192 8434
193 139595
190 89
191 366364
191 124386
195 116918
190 489423
196 528679
192 33755
190 148826
193 224214
199 20403
195 538024
190 139565
195 147694
191 89514
194 45447
191 503328
200 119029
195 729406
193 364968
190 160573
195 678992
196 223068
190 730949
191 17528
198 446238
192 28214
191 158636
197 186486
191 20605
193 12765
192 206428
190 211587
190 31567
193 38698
194 40814
198 153729
190 44764
192 424497
195 606417
192 395723
191 14332
190 450338
191 56488
192 274000
192 187645
191 98835
196 181482
197 328504
191 421591
192 90243
193 81406
194 276255
196 212279
190 28410
190 133339
194 65136
194 44912
190 99205
196 280553
194 388756
192 375971
190 186743
191 201406
190 341539
190 209766
195 53129
190 1777
195 82756
198 194026
195 16659
194 503342
193 741910
192 47763
191 850643
196 507001
191 541357
191 159354
191 724929
192 193221
194 384173
191 526336
190 75315
199 38413
195 54034
191 548
200 486274
190 360846
190 217783
192 447842
190 662944
194 60739
192 53962
196 9742
192 233185
31 52 100
20 113608
67 31840
178 181014
54 8951
67 161574
104 41832
30 21971
114 308251
63 28525
96 259192
125 157142
23 25354
119 49152
4 680828
54 195477
157 238951
5 26439
100 498582
78 708977
53 22981
166 24951
33 664560
120 129359
20 22395
58 28764
67 369776
105 137276
4 172474
77 126248
82 58225
83 31679
127 223424
76 352591
67 141248
99 731757
78 218887
169 312819
42 227309
72 48255
169 269218
27 831309
21 3703
53 39546
111 4099
88 10833
148 417179
56 134453
186 137886
174 40834
57 644543
114 11652
42 427192
16 13110
47 570853
80 58746
57 362451
125 751180
19 560736
54 24460
64 211243
53 67915
79 28133
58 76812
174 543193
38 10886
140 93608
111 393762
10 54041
76 250297
65 63605
77 180500
172 99939
70 101460
21 704532
24 161125
69 187790
62 388038
58 272026
57 61020
172 43935
64 297058
1 415922
10 463303
83 48689
70 204678
135 358566
24 113110
68 224408
58 255723
133 584432
78 181610
53 288590
65 440353
16 6862
173 89990
122 99359
128 204033
20 17885
27 184979
19 36637
29 93 63
12 1
100 1
103 1
108 1
104 1
100 1
107 1
95 1
108 1
120 1
122 1
102 1
106 1
103 1
109 1
115 1
112 1
96 1
94 1
96 1
122 1
118 1
120 1
105 1
104 1
96 1
108 1
107 1
118 1
99 1
113 1
118 1
103 1
115 1
103 1
108 1
117 1
108 1
102 1
105 1
109 1
96 1
121 1
98 1
104 1
95 1
89 1
116 1
118 1
99 1
188 1
8 1
97 1
109 1
98 1
112 1
98 1
113 1
111 1
101 1
122 1
113 1
112 1
62 143 2
72 0
127 0
34 56 71
15 240019
79 606511
78 270346
72 101918
126 60092
71 254367
1 82811
68 251796
176 145923
117 81078
63 110836
78 66478
4 302009
73 548878
41 159062
86 772652
166 330350
121 459006
77 727162
33 446435
146 510619
7 672488
147 120212
146 117393
24 169194
133 212603
72 96154
61 139878
81 232120
123 329770
50 20768
89 306821
78 49063
139 246750
23 387344
85 20453
115 249571
119 90186
23 373233
116 837801
6 383056
28 170703
89 335535
60 169575
89 197073
80 514845
74 21441
57 14674
90 389486
81 199060
63 277559
155 626878
68 620259
64 1517
88 773898
67 51621
115 120942
32 260087
125 668880
20 461049
144 359625
112 255365
147 196757
74 344783
84 443395
84 78126
87 920111
127 5666
71 97258
60 353557
58 325835
20 50 2
10 1
80 2
20 95 4
24 1
55 0
64 1
85 0
22 22 100
190 500505
196 40953
191 6659
192 60771
192 13477
191 599613
192 820030
195 23814
193 79531
192 331998
192 154903
191 112823
195 295719
195 69901
190 223121
191 400890
190 101568
190 289345
190 50991
193 640611
190 155765
193 421430
190 503735
199 472005
197 714018
197 120180
190 509460
190 42581
193 292244
190 35743
190 1539
190 563444
193 448073
191 118052
191 680833
190 184034
190 740669
195 31263
190 260334
190 85668
194 38625
192 7693
193 91432
193 406728
195 294810
191 19194
194 254112
192 41675
193 151602
190 344121
193 50729
192 659657
191 91368
194 158650
190 115072
196 308330
190 38640
190 439773
192 380963
192 5892
191 227962
193 243810
195 221666
190 145969
190 21157
191 83556
194 40673
190 160221
195 10112
194 80796
198 82287
193 243976
190 19021
190 277115
194 85984
198 282532
193 281541
193 929418
190 41421
190 415598
197 746354
190 100333
191 277551
199 86573
192 307161
190 181528
193 35245
196 98719
191 222210
193 19661
191 433526
199 627382
194 245575
196 510828
196 65088
191 90044
194 68497
195 131542
197 348811
191 321529
29 66 51
6 745036
85 1806
164 540757
153 760278
11 13070
151 153367
20 1735
87 98298
90 46914
175 545221
92 99364
74 1968
146 193118
1 223896
68 355216
79 18665
81 498040
85 748204
82 24182
87 234830
136 505823
1 38325
79 158241
69 270724
138 408352
10 789512
89 41903
106 167754
11 377144
75 3606
86 596524
147 157849
90 27684
12 256846
80 108825
88 137840
175 730226
83 31111
92 668180
68 41539
95 5979
164 70093
76 736661
92 310291
75 35477
156 256330
18 383552
76 607988
79 23910
90 112821
91 12646
40 27 100
28 1
30 1
29 2
30 1
32 1
30 1
31 1
34 2
28 1
29 2
30 1
33 1
40 1
30 1
29 1
29 1
28 1
35 2
29 1
36 1
28 2
29 1
30 1
30 1
29 1
30 1
29 1
28 1
28 1
28 2
31 1
29 1
35 1
31 1
34 2
29 1
28 1
28 1
36 1
28 1
31 2
35 1
28 2
29 1
34 1
36 1
33 1
31 1
33 1
30 1
28 2
29 2
38 2
30 1
29 1
30 1
30 1
32 1
30 2
34 1
32 2
37 1
28 2
28 1
37 2
36 1
31 1
34 1
36 1
29 2
28 1
28 2
39 1
30 2
29 2
31 1
36 2
31 1
35 1
35 2
29 1
30 1
34 2
37 2
31 1
29 1
33 1
31 1
33 1
30 2
28 1
30 2
31 1
36 1
29 2
30 1
28 1
31 1
36 1
36 1
22 35 63
22 325505
53 227887
71 40805
179 42203
10 219454
47 11543
6 180030
29 189097
17 43357
78 63953
138 236690
71 54453
68 145494
48 376802
31 159554
119 22499
117 42736
39 31777
14 496948
119 629932
19 122182
60 65358
198 28446
23 542201
12 213230
16 54545
68 54097
18 5518
48 40734
109 385823
112 106991
115 180255
84 460385
104 498115
79 447966
3 275458
64 452871
19 111870
34 66915
6 243536
44 20511
72 325009
1 474612
86 268001
67 636787
52 142136
8 540075
12 25876
85 101053
103 277561
7 16573
128 8166
72 272126
4 352833
78 78230
29 7887
53 95157
47 332994
101 305585
138 179829
85 191785
1 247041
62 117011
