100
25 20 4
190 128138
194 803200
191 268068
191 847832
102 26 4
2 1
49 1
18 1
180 1
31 68 2
33 514501
63 371536
66 33 4
32 1
49 1
17 1
123 1
22 103 3
56 351012
59 291514
82 440996
20 20 4
194 3877
195 1005
192 112874
193 110143
62 30 4
10 1
33 1
26 1
36 1
29 85 3
29 1
141 1
133 1
62 46 4
129 62436
4 260740
67 702430
82 412690
48 32 3
144 1
2 1
34 1
39 113 4
3 0
141 0
139 0
127 2
21 22 4
194 30827
190 165649
197 46477
193 87295
21 45 4
4 1
153 1
23 1
36 1
21 35 4
14 401059
147 239713
158 198416
62 90768
22 94 4
24 1
23 1
36 1
26 1
26 21 4
197 195881
193 226050
191 11
190 25191
26 51 4
96 384717
137 79205
1 214657
65 307333
109 43 3
97 691374
103 623784
16 116682
20 57 1
37 1
21 21 4
191 483661
190 118645
191 135606
190 481780
20 50 2
10 1
80 2
105 114 1
106 1
20 50 2
10 2
80 1
32 107 1
64 0
32 110 4
121 1
12 1
39 1
114 1
24 22 4
191 8442
191 509724
197 66738
190 16660
20 79 4
101 1
92 1
36 1
93 1
56 20 3
71 1
9 0
133 2
44 20 4
102 0
42 0
79 0
38 0
22 69 3
25 0
47 0
69 0
37 73 1
45 10333
38 29 4
11 1
75 1
3 1
155 1
24 97 3
69 0
32 0
82 0
21 86 4
11 5723
90 878054
103 529144
134 363728
33 52 4
2 288580
120 136745
47 211760
66 337598
30 59 3
21 618781
53 131882
119 35027
71 33 4
4 2
9 1
21 1
17 2
24 20 4
194 793497
190 451090
191 29170
191 939494
45 47 1
47 0
58 56 4
65 0
17 0
57 0
133 1
70 54 4
54 1
100 1
18 1
108 1
22 42 4
49 647462
58 3695
11 427067
43 109490
62 29 4
9 1
74 0
43 0
45 1
30 20 3
120 1
15 1
9 1
123 167 4
126 1
142 1
134 1
124 1
20 50 1
200 4382
39 26 1
18 315027
23 21 4
191 6239
191 68227
200 68202
195 522579
20 22 4
190 383685
190 405
196 9117
190 307784
100 114 4
83 79748
125 29205
134 61308
186 58927
28 89 2
31 0
59 1
23 20 4
190 37110
195 368814
196 540469
190 66340
62 64 4
103 551936
41 323982
92 120921
19 88033
48 23 4
85 58821
63 167603
17 5582
52 1791
132 51 1
8 0
84 29 4
2 1
48 1
79 1
9 1
27 50 3
80 1
13 1
57 1
85 68 3
19 1
1 1
97 1
144 114 4
116 1
117 1
115 1
130 1
25 22 4
190 38419
190 63398
191 117634
197 321096
40 48 4
22 1
59 1
105 1
15 1
21 75 3
85 444805
123 306517
20 80436
60 24 3
53 16787
4 42042
58 328093
20 20 4
200 1000000
200 1000000
200 1000000
200 1000000
164 169 1
168 0
26 119 4
29 1
62 0
81 0
106 0
25 21 4
193 85079
191 550385
198 66840
191 371988
26 20 4
192 261664
191 785527
194 9264
193 53602
22 103 3
1 1
62 1
107 1
21 20 4
191 569249
192 43088
190 70610
190 441930
20 21 4
192 154403
190 71144
194 267862
192 223551
75 63 3
5 198820
35 151841
100 13184
22 20 4
191 241989
192 215921
194 358429
194 728779
32 53 3
5 10593
107 146940
124 170657
23 59 4
29 2
35 2
40 1
33 2
49 64 1
50 1
20 95 3
35 273080
56 246949
80 191881
27 40 1
38 0
57 61 4
5 1
103 2
85 1
106 0
87 21 4
63 0
125 0
191 0
32 1
34 85 4
135 1
92 1
92 1
110 1
22 22 4
190 596195
191 138494
194 443484
190 255439
38 47 1
39 0
31 45 1
41 0
30 36 3
54 1
33 1
56 1
47 59 4
34 2
49 0
42 0
61 1
36 39 4
9 0
134 1
20 0
101 1
24 21 4
191 572893
199 563892
193 340052
193 69389
54 157 1
71 61224
34 42 4
6 27158
53 398422
25 296217
93 260234
23 22 4
198 693634
190 72590
193 108937
194 287902
20 50 2
100 1
50 1
26 91 4
23 0
35 0
40 0
18 0
28 29 3
109 0
12 0
37 1
48 103 4
20 361385
78 366439
10 55227
63 572052
32 100 2
49 54877
79 278577
23 72 4
169 1
3 1
148 1
143 1
22 21 4
190 126019
193 287109
191 139163
192 204186
74 125 1
77 0
47 124 1
62 2
